1,7,3,575;
2,14,6,54;
3,25,9,50;
4,38,12,21;
5,50,15,24;
6,59,18,8;
7,66,21,12;
8,74,24,25;
9,82,27,53;
10,87,30,14;
11,96,33,15;
12,104,36,141;
13,111,39,38;
14,119,42,0;
15,125,45,3;
16,142,48,53;
17,154,51,36;
18,160,54,12;
19,167,57,8;
20,175,60,43;
21,183,63,46;
22,192,66,75;
23,201,69,57;
24,211,72,55;
25,225,75,34;
26,233,78,55;
27,242,81,21;
28,251,84,8;
29,267,87,38;
30,282,90,36;
31,290,93,30;
32,296,96,32;
33,303,99,19;
34,312,102,43;
35,323,105,28;
36,330,108,25;
37,338,111,57;
38,347,114,47;
39,355,117,55;
40,362,120,21;
41,377,123,67;
42,384,126,41;
43,392,129,29;
44,399,132,20;
45,409,135,66;
46,418,138,63;
47,425,141,54;
48,433,144,61;
49,442,147,47;
50,446,150,9;
51,457,153,16;
52,467,156,70;
53,476,159,14;
54,485,162,14;
55,493,165,68;
56,503,168,57;
57,510,171,64;
58,519,174,65;
59,533,177,82;
60,539,180,13;
61,548,183,17;
62,564,186,35;
63,569,189,9;
64,578,192,41;
65,598,195,67;
66,606,198,77;
67,614,201,57;
68,623,204,86;
69,629,207,15;
70,632,210,1;
71,641,213,19;
72,648,216,22;
73,657,219,51;
74,666,222,50;
75,677,225,56;
76,685,228,13;
77,691,231,3;
78,698,234,16;
79,705,237,104;
80,712,240,19;
81,726,243,33;
82,736,246,16;
83,750,249,34;
84,761,252,46;
85,770,255,53;
86,778,258,50;
87,787,261,31;
88,796,264,73;
89,806,267,65;
90,816,270,61;
91,825,273,70;
92,834,276,27;
93,841,279,45;
94,848,282,56;
95,856,285,70;
96,869,288,10;
97,876,291,50;
98,883,294,12;
99,891,297,69;
100,899,300,24;
101,904,303,0;
102,915,306,61;
103,921,309,29;
104,931,312,40;
105,938,315,25;
106,948,318,21;
107,958,321,93;
108,966,324,60;
109,973,327,78;
110,981,330,57;
111,989,333,37;
112,998,336,18;
113,1005,339,59;
114,1013,342,23;
115,1024,345,12;
116,1033,348,46;
117,1045,351,55;
118,1052,354,12;
119,1059,357,23;
120,1068,360,43;
121,1074,363,23;
122,1079,366,15;
123,1093,369,86;
124,1101,372,58;
125,1106,375,6;
126,1116,378,71;
127,1126,381,98;
128,1135,384,71;
129,1148,387,75;
130,1156,390,103;
131,1163,393,22;
132,1170,396,38;
133,1178,399,49;
134,1186,402,66;
135,1195,405,46;
136,1206,408,17;
137,1217,411,12;
138,1228,414,8;
139,1236,417,76;
140,1247,420,41;
141,1254,423,52;
142,1270,426,91;
143,1279,429,71;
144,1285,432,38;
145,1294,435,49;
146,1302,438,91;
147,1311,441,84;
148,1320,444,50;
149,1328,447,25;
150,1336,450,28;
151,1346,453,29;
152,1353,456,69;
153,1360,459,11;
154,1368,462,27;
155,1377,465,50;
156,1382,468,21;
157,1393,471,44;
158,1402,474,49;
159,1410,477,27;
160,1418,480,69;
161,1429,483,27;
162,1437,486,40;
163,1447,489,33;
164,1456,492,17;
165,1469,495,30;
166,1479,498,68;
167,1488,501,86;
168,1495,504,58;
169,1499,507,9;
170,1507,510,16;
171,1521,513,38;
172,1533,516,24;
173,1542,519,31;
174,1552,522,20;
175,1561,525,21;
176,1568,528,73;
177,1576,531,43;
178,1583,534,27;
179,1592,537,43;
180,1602,540,105;
181,1611,543,76;
182,1619,546,80;
183,1624,549,16;
184,1631,552,59;
185,1636,555,10;
186,1645,558,20;
187,1652,561,48;
188,1662,564,49;
189,1669,567,71;
190,1674,570,11;
191,1691,573,48;
192,1698,576,20;
193,1711,579,57;
194,1719,582,39;
195,1726,585,58;
196,1733,588,52;
197,1748,591,49;
198,1754,594,9;
199,1770,597,42;
200,1779,600,45;
201,1788,603,67;
202,1798,606,88;
203,1808,609,1;
204,1824,612,140;
205,1832,615,60;
206,1843,618,51;
207,1851,621,20;
208,1858,624,14;
209,1866,627,15;
210,1875,630,33;
211,1884,633,36;
212,1901,636,40;
213,1907,639,33;
214,1917,642,47;
215,1925,645,45;
216,1932,648,9;
217,1944,651,49;
218,1953,654,71;
219,1961,657,52;
220,1969,660,0;
221,1981,663,97;
222,1991,666,41;
223,2002,669,23;
224,2009,672,25;
225,2019,675,20;
226,2030,678,107;
227,2037,681,41;
228,2050,684,4;
229,2064,687,24;
230,2073,690,30;
231,2081,693,110;
232,2088,696,43;
233,2098,699,69;
234,2107,702,92;
235,2116,705,142;
236,2125,708,133;
237,2133,711,39;
238,2141,714,68;
239,2148,717,26;
240,2157,720,49;
241,2166,723,44;
242,2179,726,77;
243,2187,729,58;
244,2196,732,7;
245,2205,735,45;
246,2211,738,33;
247,2218,741,45;
248,2229,744,96;
249,2236,747,45;
250,2247,750,18;
251,2259,753,77;
252,2265,756,49;
253,2274,759,53;
254,2282,762,67;
255,2289,765,36;
256,2299,768,5;
257,2306,771,59;
258,2310,774,2;
259,2320,777,28;
260,2329,780,21;
261,2335,783,28;
262,2345,786,108;
263,2357,789,27;
264,2364,792,36;
265,2373,795,29;
266,2394,798,12;
267,2401,801,33;
268,2410,804,59;
269,2417,807,43;
270,2427,810,70;
271,2436,813,94;
272,2444,816,59;
273,2454,819,64;
274,2462,822,82;
275,2473,825,34;
276,2480,828,34;
277,2487,831,18;
278,2496,834,33;
279,2504,837,48;
280,2514,840,24;
281,2526,843,77;
282,2539,846,80;
283,2546,849,71;
284,2556,852,63;
285,2568,855,50;
286,2575,858,41;
287,2582,861,24;
288,2589,864,9;
289,2596,867,46;
290,2607,870,54;
291,2616,873,80;
292,2625,876,77;
293,2638,879,68;
294,2647,882,72;
295,2655,885,37;
296,2662,888,3;
297,2672,891,46;
298,2681,894,60;
299,2690,897,28;
300,2698,900,32;
301,2709,903,73;
302,2718,906,83;
303,2726,909,84;
304,2736,912,85;
305,2743,915,49;
306,2752,918,72;
307,2761,921,55;
308,2770,924,73;
309,2779,927,70;
310,2786,930,49;
311,2792,933,28;
312,2796,936,2;
313,2805,939,44;
314,2812,942,88;
315,2822,945,87;
316,2831,948,63;
317,2843,951,64;
318,2852,954,79;
319,2862,957,69;
320,2870,960,29;
321,2878,963,22;
322,2890,966,53;
323,2899,969,124;
324,2907,972,65;
325,2922,975,92;
326,2932,978,69;
327,2942,981,36;
328,2950,984,93;
329,2960,987,75;
330,2969,990,52;
331,2978,993,31;
332,2986,996,90;
333,2996,999,82;
334,3006,1002,86;
335,3014,1005,66;
336,3023,1008,50;
337,3033,1011,87;
338,3041,1014,121;
339,3049,1017,30;
340,3059,1020,32;
341,3067,1023,59;
342,3076,1026,65;
343,3086,1029,91;
344,3094,1032,91;
345,3101,1035,43;
346,3108,1038,74;
347,3118,1041,61;
348,3133,1044,67;
349,3141,1047,68;
350,3149,1050,58;
351,3159,1053,31;
352,3168,1056,80;
353,3184,1059,109;
354,3192,1062,92;
355,3200,1065,86;
356,3210,1068,33;
357,3218,1071,51;
358,3223,1074,1;
359,3233,1077,43;
360,3243,1080,31;
361,3248,1083,11;
362,3257,1086,29;
363,3267,1089,24;
364,3275,1092,32;
365,3282,1095,56;
366,3292,1098,93;
367,3300,1101,122;
368,3315,1104,67;
369,3323,1107,70;
370,3333,1110,71;
371,3342,1113,5;
372,3352,1116,69;
373,3361,1119,93;
374,3371,1122,52;
375,3379,1125,68;
376,3386,1128,63;
377,3396,1131,103;
378,3404,1134,100;
379,3413,1137,91;
380,3421,1140,32;
381,3431,1143,68;
382,3437,1146,4;
383,3445,1149,17;
384,3455,1152,54;
385,3465,1155,32;
386,3474,1158,72;
387,3483,1161,27;
388,3490,1164,55;
389,3499,1167,60;
390,3507,1170,88;
391,3517,1173,2;
392,3525,1176,24;
393,3536,1179,104;
394,3544,1182,79;
395,3553,1185,100;
396,3561,1188,34;
397,3568,1191,35;
398,3575,1194,26;
399,3579,1197,23;
400,3592,1200,46;
401,3600,1203,33;
402,3608,1206,29;
403,3616,1209,36;
404,3624,1212,35;
405,3633,1215,28;
406,3643,1218,37;
407,3654,1221,79;
408,3662,1224,130;
409,3672,1227,51;
410,3680,1230,49;
411,3688,1233,38;
412,3696,1236,62;
413,3703,1239,34;
414,3715,1242,79;
415,3725,1245,105;
416,3737,1248,58;
417,3745,1251,76;
418,3752,1254,43;
419,3759,1257,26;
420,3767,1260,67;
421,3775,1263,23;
422,3783,1266,47;
423,3791,1269,16;
424,3800,1272,85;
425,3809,1275,97;
426,3814,1278,5;
427,3823,1281,16;
428,3831,1284,25;
429,3835,1287,1;
430,3842,1290,4;
431,3850,1293,19;
432,3858,1296,88;
433,3867,1299,79;
434,3876,1302,98;
435,3886,1305,105;
436,3898,1308,45;
437,3905,1311,27;
438,3917,1314,70;
439,3925,1317,57;
440,3934,1320,37;
441,3943,1323,60;
442,3951,1326,17;
443,3958,1329,80;
444,3967,1332,32;
445,3976,1335,38;
446,3984,1338,42;
447,3993,1341,72;
448,4000,1344,47;
449,4010,1347,43;
450,4020,1350,57;
451,4034,1353,23;
452,4044,1356,114;
453,4052,1359,74;
454,4060,1362,20;
455,4069,1365,58;
456,4078,1368,79;
457,4089,1371,106;
458,4098,1374,118;
459,4107,1377,81;
460,4116,1380,57;
461,4124,1383,44;
462,4130,1386,15;
463,4138,1389,24;
464,4147,1392,20;
465,4157,1395,58;
466,4165,1398,45;
467,4173,1401,46;
468,4180,1404,65;
469,4186,1407,8;
470,4200,1410,71;
471,4209,1413,59;
472,4217,1416,35;
473,4226,1419,17;
474,4235,1422,14;
475,4246,1425,100;
476,4253,1428,74;
477,4261,1431,95;
478,4274,1434,80;
479,4285,1437,102;
480,4293,1440,30;
481,4302,1443,78;
482,4311,1446,36;
483,4320,1449,30;
484,4329,1452,22;
485,4337,1455,62;
486,4345,1458,37;
487,4355,1461,57;
488,4363,1464,73;
489,4375,1467,84;
490,4383,1470,49;
491,4391,1473,58;
492,4402,1476,45;
493,4412,1479,36;
494,4421,1482,64;
495,4429,1485,85;
496,4438,1488,86;
497,4447,1491,104;
498,4458,1494,58;
499,4467,1497,76;
500,4477,1500,48;
501,4485,1503,65;
502,4492,1506,36;
503,4500,1509,0;
504,4510,1512,43;
505,4520,1515,54;
506,4528,1518,1;
507,4535,1521,21;
508,4544,1524,76;
509,4550,1527,32;
510,4560,1530,57;
511,4568,1533,39;
512,4574,1536,66;
513,4588,1539,114;
514,4598,1542,18;
515,4607,1545,15;
516,4615,1548,34;
517,4623,1551,99;
518,4633,1554,74;
519,4642,1557,43;
520,4649,1560,55;
521,4659,1563,101;
522,4668,1566,94;
523,4677,1569,53;
524,4682,1572,34;
525,4688,1575,9;
526,4698,1578,58;
527,4705,1581,73;
528,4713,1584,98;
529,4723,1587,86;
530,4733,1590,63;
531,4742,1593,80;
532,4750,1596,112;
533,4759,1599,50;
534,4768,1602,87;
535,4777,1605,8;
536,4786,1608,51;
537,4795,1611,51;
538,4804,1614,70;
539,4816,1617,72;
540,4824,1620,71;
541,4833,1623,137;
542,4840,1626,31;
543,4850,1629,74;
544,4859,1632,59;
545,4866,1635,48;
546,4874,1638,141;
547,4886,1641,42;
548,4894,1644,72;
549,4903,1647,64;
550,4915,1650,48;
551,4922,1653,79;
552,4930,1656,55;
553,4939,1659,62;
554,4947,1662,38;
555,4954,1665,0;
556,4964,1668,49;
557,4972,1671,40;
558,4983,1674,68;
559,4991,1677,54;
560,5000,1680,78;
561,5009,1683,62;
562,5018,1686,59;
563,5027,1689,33;
564,5037,1692,143;
565,5045,1695,98;
566,5052,1698,29;
567,5061,1701,54;
568,5067,1704,23;
569,5075,1707,81;
570,5085,1710,41;
571,5094,1713,86;
572,5102,1716,45;
573,5114,1719,26;
574,5122,1722,34;
575,5132,1725,111;
576,5141,1728,87;
577,5153,1731,59;
578,5163,1734,78;
579,5171,1737,86;
580,5181,1740,162;
581,5190,1743,66;
582,5198,1746,74;
583,5206,1749,64;
584,5217,1752,32;
585,5225,1755,53;
586,5234,1758,70;
587,5241,1761,9;
588,5250,1764,83;
589,5260,1767,74;
590,5272,1770,86;
591,5281,1773,97;
592,5290,1776,78;
593,5300,1779,77;
594,5308,1782,38;
595,5318,1785,61;
596,5325,1788,47;
597,5335,1791,87;
598,5342,1794,76;
599,5349,1797,22;
600,5360,1800,105;
601,5370,1803,68;
602,5378,1806,123;
603,5385,1809,37;
604,5393,1812,54;
605,5402,1815,17;
606,5409,1818,30;
607,5424,1821,67;
608,5433,1824,69;
609,5441,1827,77;
610,5450,1830,97;
611,5458,1833,81;
612,5465,1836,35;
613,5478,1839,76;
614,5487,1842,49;
615,5495,1845,37;
616,5507,1848,20;
617,5515,1851,28;
618,5524,1854,73;
619,5531,1857,57;
620,5541,1860,30;
621,5548,1863,97;
622,5557,1866,73;
623,5567,1869,94;
624,5575,1872,92;
625,5582,1875,86;
626,5589,1878,17;
627,5597,1881,31;
628,5605,1884,76;
629,5612,1887,17;
630,5617,1890,1;
631,5629,1893,65;
632,5639,1896,98;
633,5647,1899,75;
634,5656,1902,69;
635,5664,1905,77;
636,5674,1908,182;
637,5683,1911,57;
638,5692,1914,29;
639,5700,1917,47;
640,5708,1920,76;
641,5715,1923,64;
642,5726,1926,68;
643,5739,1929,81;
644,5748,1932,71;
645,5756,1935,52;
646,5765,1938,73;
647,5772,1941,71;
648,5781,1944,25;
649,5792,1947,1;
650,5801,1950,18;
651,5810,1953,13;
652,5816,1956,48;
653,5826,1959,82;
654,5833,1962,99;
655,5848,1965,60;
656,5857,1968,117;
657,5865,1971,73;
658,5874,1974,50;
659,5884,1977,31;
660,5891,1980,46;
661,5900,1983,23;
662,5906,1986,33;
663,5916,1989,114;
664,5925,1992,63;
665,5933,1995,120;
666,5942,1998,67;
667,5951,2001,114;
668,5960,2004,87;
669,5969,2007,71;
670,5975,2010,43;
671,5990,2013,23;
672,5999,2016,82;
673,6010,2019,71;
674,6018,2022,69;
675,6029,2025,108;
676,6037,2028,111;
677,6047,2031,88;
678,6056,2034,24;
679,6070,2037,46;
680,6077,2040,13;
681,6084,2043,25;
682,6092,2046,92;
683,6101,2049,56;
684,6110,2052,87;
685,6117,2055,66;
686,6125,2058,35;
687,6133,2061,80;
688,6143,2064,51;
689,6151,2067,57;
690,6163,2070,20;
691,6172,2073,30;
692,6180,2076,80;
693,6193,2079,63;
694,6200,2082,57;
695,6213,2085,111;
696,6220,2088,53;
697,6230,2091,78;
698,6239,2094,36;
699,6248,2097,43;
700,6258,2100,38;
701,6267,2103,112;
702,6276,2106,92;
703,6290,2109,50;
704,6298,2112,40;
705,6307,2115,48;
706,6316,2118,45;
707,6325,2121,56;
708,6334,2124,35;
709,6343,2127,28;
710,6349,2130,13;
711,6361,2133,21;
712,6368,2136,18;
713,6376,2139,49;
714,6383,2142,67;
715,6391,2145,70;
716,6401,2148,77;
717,6410,2151,38;
718,6421,2154,15;
719,6429,2157,23;
720,6437,2160,37;
721,6447,2163,29;
722,6457,2166,29;
723,6465,2169,50;
724,6473,2172,131;
725,6483,2175,83;
726,6492,2178,91;
727,6502,2181,105;
728,6509,2184,46;
729,6518,2187,25;
730,6528,2190,87;
731,6535,2193,59;
732,6543,2196,27;
733,6554,2199,30;
734,6564,2202,31;
735,6584,2205,7;
736,6593,2208,67;
737,6601,2211,42;
738,6610,2214,36;
739,6619,2217,111;
740,6627,2220,134;
741,6638,2223,93;
742,6644,2226,39;
743,6662,2229,54;
744,6671,2232,73;
745,6680,2235,104;
746,6687,2238,65;
747,6697,2241,119;
748,6707,2244,95;
749,6714,2247,90;
750,6724,2250,0;
751,6734,2253,41;
752,6743,2256,78;
753,6751,2259,52;
754,6760,2262,80;
755,6769,2265,56;
756,6778,2268,41;
757,6786,2271,54;
758,6795,2274,28;
759,6806,2277,63;
760,6814,2280,73;
761,6823,2283,56;
762,6832,2286,107;
763,6842,2289,67;
764,6851,2292,116;
765,6860,2295,101;
766,6868,2298,95;
767,6876,2301,96;
768,6881,2304,18;
769,6893,2307,54;
770,6902,2310,79;
771,6913,2313,48;
772,6923,2316,62;
773,6931,2319,55;
774,6940,2322,91;
775,6950,2325,70;
776,6958,2328,95;
777,6969,2331,70;
778,6978,2334,69;
779,6990,2337,109;
780,6997,2340,71;
781,7004,2343,4;
782,7012,2346,68;
783,7022,2349,124;
784,7030,2352,97;
785,7039,2355,49;
786,7048,2358,60;
787,7056,2361,28;
788,7061,2364,11;
789,7071,2367,19;
790,7079,2370,99;
791,7090,2373,61;
792,7099,2376,59;
793,7110,2379,7;
794,7120,2382,37;
795,7128,2385,57;
796,7137,2388,68;
797,7145,2391,53;
798,7155,2394,45;
799,7164,2397,79;
800,7170,2400,11;
801,7179,2403,26;
802,7188,2406,87;
803,7198,2409,93;
804,7209,2412,83;
805,7217,2415,95;
806,7226,2418,41;
807,7236,2421,89;
808,7244,2424,54;
809,7253,2427,38;
810,7259,2430,17;
811,7274,2433,101;
812,7282,2436,79;
813,7292,2439,73;
814,7300,2442,72;
815,7309,2445,65;
816,7319,2448,132;
817,7326,2451,127;
818,7334,2454,36;
819,7347,2457,69;
820,7357,2460,75;
821,7365,2463,84;
822,7375,2466,42;
823,7382,2469,63;
824,7393,2472,95;
825,7400,2475,69;
826,7408,2478,91;
827,7419,2481,48;
828,7428,2484,50;
829,7437,2487,118;
830,7446,2490,81;
831,7455,2493,58;
832,7464,2496,112;
833,7473,2499,104;
834,7482,2502,79;
835,7491,2505,91;
836,7502,2508,0;
837,7511,2511,41;
838,7520,2514,49;
839,7531,2517,79;
840,7540,2520,55;
841,7549,2523,107;
842,7558,2526,67;
843,7564,2529,18;
844,7572,2532,35;
845,7581,2535,81;
846,7590,2538,59;
847,7599,2541,41;
848,7616,2544,134;
849,7625,2547,64;
850,7635,2550,52;
851,7645,2553,60;
852,7653,2556,59;
853,7663,2559,81;
854,7672,2562,97;
855,7678,2565,44;
856,7684,2568,8;
857,7690,2571,22;
858,7703,2574,11;
859,7710,2577,9;
860,7718,2580,144;
861,7728,2583,73;
862,7736,2586,108;
863,7745,2589,70;
864,7755,2592,10;
865,7768,2595,117;
866,7778,2598,45;
867,7788,2601,74;
868,7796,2604,109;
869,7806,2607,53;
870,7815,2610,12;
871,7823,2613,94;
872,7832,2616,86;
873,7839,2619,48;
874,7847,2622,92;
875,7857,2625,72;
876,7868,2628,48;
877,7877,2631,29;
878,7886,2634,135;
879,7892,2637,20;
880,7900,2640,62;
881,7907,2643,45;
882,7916,2646,95;
883,7926,2649,101;
884,7938,2652,78;
885,7948,2655,55;
886,7957,2658,61;
887,7965,2661,57;
888,7974,2664,60;
889,7983,2667,83;
890,7992,2670,73;
891,8001,2673,94;
892,8010,2676,140;
893,8019,2679,83;
894,8030,2682,110;
895,8037,2685,65;
896,8052,2688,94;
897,8059,2691,46;
898,8070,2694,70;
899,8079,2697,74;
900,8088,2700,127;
901,8097,2703,99;
902,8104,2706,4;
903,8113,2709,73;
904,8122,2712,25;
905,8128,2715,29;
906,8137,2718,97;
907,8147,2721,66;
908,8158,2724,73;
909,8166,2727,74;
910,8176,2730,109;
911,8185,2733,77;
912,8196,2736,41;
913,8206,2739,58;
914,8214,2742,29;
915,8226,2745,55;
916,8234,2748,20;
917,8245,2751,107;
918,8252,2754,43;
919,8262,2757,99;
920,8270,2760,93;
921,8280,2763,63;
922,8289,2766,28;
923,8298,2769,85;
924,8307,2772,13;
925,8317,2775,60;
926,8328,2778,39;
927,8337,2781,80;
928,8346,2784,59;
929,8353,2787,30;
930,8363,2790,31;
931,8370,2793,35;
932,8377,2796,52;
933,8387,2799,59;
934,8396,2802,75;
935,8408,2805,61;
936,8416,2808,32;
937,8426,2811,25;
938,8434,2814,40;
939,8439,2817,39;
940,8449,2820,61;
941,8459,2823,50;
942,8469,2826,76;
943,8480,2829,33;
944,8487,2832,82;
945,8498,2835,54;
946,8506,2838,149;
947,8517,2841,15;
948,8523,2844,0;
949,8531,2847,83;
950,8540,2850,71;
951,8549,2853,77;
952,8560,2856,42;
953,8569,2859,85;
954,8577,2862,80;
955,8589,2865,64;
956,8598,2868,94;
957,8606,2871,49;
958,8611,2874,6;
959,8625,2877,22;
960,8634,2880,86;
961,8643,2883,89;
962,8652,2886,82;
963,8660,2889,65;
964,8670,2892,72;
965,8678,2895,97;
966,8687,2898,77;
967,8695,2901,61;
968,8704,2904,30;
969,8711,2907,4;
970,8721,2910,103;
971,8730,2913,106;
972,8737,2916,73;
973,8749,2919,93;
974,8760,2922,88;
975,8768,2925,101;
976,8777,2928,78;
977,8786,2931,35;
978,8797,2934,23;
979,8804,2937,37;
980,8814,2940,67;
981,8824,2943,73;
982,8832,2946,107;
983,8842,2949,63;
984,8851,2952,51;
985,8859,2955,92;
986,8869,2958,40;
987,8883,2961,25;
988,8890,2964,33;
989,8897,2967,11;
990,8904,2970,47;
991,8912,2973,2;
992,8918,2976,20;
993,8924,2979,21;
994,8932,2982,13;
995,8938,2985,20;
996,8945,2988,54;
997,8956,2991,52;
998,8960,2994,13;
999,8963,2997,0;
1000,8968,3000,21;
