1,7,3,732;
2,17,6,57;
3,25,9,42;
4,31,12,31;
5,43,15,67;
6,53,18,37;
7,59,21,11;
8,67,24,9;
9,74,27,29;
10,82,30,38;
11,99,33,27;
12,107,36,73;
13,114,39,56;
14,123,42,5;
15,131,45,24;
16,141,48,37;
17,152,51,36;
18,158,54,5;
19,171,57,25;
20,180,60,53;
21,189,63,55;
22,199,66,63;
23,208,69,28;
24,214,72,29;
25,224,75,27;
26,233,78,57;
27,239,81,30;
28,248,84,31;
29,256,87,1;
30,266,90,16;
31,273,93,37;
32,279,96,8;
33,290,99,39;
34,301,102,39;
35,309,105,20;
36,316,108,21;
37,324,111,36;
38,331,114,32;
39,342,117,55;
40,351,120,70;
41,360,123,54;
42,368,126,48;
43,377,129,45;
44,385,132,41;
45,393,135,23;
46,405,138,34;
47,415,141,85;
48,430,144,79;
49,438,147,26;
50,452,150,0;
51,461,153,37;
52,470,156,64;
53,479,159,39;
54,487,162,35;
55,496,165,77;
56,506,168,53;
57,518,171,50;
58,526,174,21;
59,535,177,80;
60,543,180,10;
61,551,183,32;
62,557,186,19;
63,563,189,35;
64,575,192,3;
65,585,195,34;
66,591,198,0;
67,599,201,53;
68,608,204,79;
69,619,207,65;
70,627,210,78;
71,645,213,29;
72,653,216,30;
73,662,219,56;
74,672,222,41;
75,679,225,55;
76,689,228,5;
77,696,231,0;
78,706,234,111;
79,714,237,37;
80,719,240,0;
81,723,243,0;
82,730,246,49;
83,735,249,6;
84,742,252,31;
85,749,255,20;
86,756,258,58;
87,766,261,90;
88,775,264,83;
89,784,267,44;
90,793,270,32;
91,802,273,72;
92,812,276,49;
93,823,279,89;
94,831,282,32;
95,842,285,13;
96,854,288,80;
97,861,291,13;
98,866,294,13;
99,870,297,0;
100,879,300,45;
101,889,303,22;
102,897,306,20;
103,915,309,34;
104,922,312,79;
105,930,315,32;
106,939,318,52;
107,946,321,2;
108,954,324,39;
109,962,327,65;
110,972,330,84;
111,980,333,85;
112,993,336,40;
113,1002,339,31;
114,1009,342,45;
115,1016,345,50;
116,1024,348,10;
117,1032,351,33;
118,1043,354,54;
119,1049,357,59;
120,1056,360,19;
121,1068,363,62;
122,1077,366,21;
123,1089,369,48;
124,1098,372,46;
125,1111,375,17;
126,1121,378,129;
127,1130,381,79;
128,1138,384,38;
129,1145,387,83;
130,1155,390,100;
131,1172,393,45;
132,1181,396,55;
133,1190,399,36;
134,1196,402,26;
135,1204,405,25;
136,1210,408,45;
137,1214,411,4;
138,1221,414,7;
139,1227,417,8;
140,1239,420,69;
141,1246,423,38;
142,1255,426,84;
143,1264,429,36;
144,1272,432,71;
145,1280,435,58;
146,1291,438,37;
147,1300,441,65;
148,1308,444,68;
149,1316,447,46;
150,1325,450,47;
151,1334,453,53;
152,1342,456,32;
153,1351,459,42;
154,1358,462,48;
155,1368,465,41;
156,1378,468,41;
157,1388,471,16;
158,1397,474,50;
159,1406,477,42;
160,1417,480,13;
161,1424,483,14;
162,1436,486,46;
163,1444,489,11;
164,1450,492,30;
165,1461,495,48;
166,1466,498,20;
167,1477,501,59;
168,1486,504,83;
169,1494,507,95;
170,1510,510,27;
171,1520,513,32;
172,1528,516,15;
173,1537,519,23;
174,1548,522,28;
175,1555,525,18;
176,1566,528,23;
177,1575,531,91;
178,1583,534,50;
179,1589,537,20;
180,1600,540,49;
181,1608,543,69;
182,1618,546,85;
183,1630,549,42;
184,1637,552,20;
185,1648,555,39;
186,1654,558,31;
187,1665,561,67;
188,1672,564,5;
189,1678,567,9;
190,1684,570,17;
191,1691,573,34;
192,1700,576,28;
193,1709,579,31;
194,1717,582,44;
195,1724,585,57;
196,1737,588,35;
197,1747,591,37;
198,1754,594,43;
199,1762,597,10;
200,1773,600,53;
201,1784,603,83;
202,1791,606,65;
203,1798,609,76;
204,1805,612,18;
205,1817,615,20;
206,1824,618,49;
207,1832,621,155;
208,1837,624,45;
209,1843,627,24;
210,1852,630,73;
211,1861,633,15;
212,1871,636,44;
213,1877,639,37;
214,1885,642,15;
215,1891,645,34;
216,1896,648,4;
217,1905,651,19;
218,1912,654,32;
219,1919,657,0;
220,1927,660,28;
221,1934,663,38;
222,1941,666,3;
223,1953,669,83;
224,1961,672,67;
225,1971,675,19;
226,1977,678,30;
227,1985,681,21;
228,1994,684,36;
229,2002,687,10;
230,2011,690,33;
231,2024,693,14;
232,2033,696,41;
233,2041,699,68;
234,2048,702,49;
235,2054,705,10;
236,2062,708,18;
237,2084,711,111;
238,2091,714,55;
239,2098,717,57;
240,2108,720,73;
241,2117,723,93;
242,2125,726,84;
243,2134,729,151;
244,2146,732,69;
245,2154,735,33;
246,2163,738,39;
247,2172,741,61;
248,2182,744,66;
249,2190,747,90;
250,2198,750,39;
251,2206,753,17;
252,2214,756,51;
253,2231,759,52;
254,2239,762,78;
255,2247,765,9;
256,2253,768,15;
257,2263,771,19;
258,2271,774,57;
259,2285,777,43;
260,2294,780,38;
261,2300,783,6;
262,2311,786,58;
263,2319,789,2;
264,2331,792,27;
265,2339,795,50;
266,2347,798,47;
267,2354,801,62;
268,2362,804,51;
269,2372,807,33;
270,2381,810,50;
271,2387,813,10;
272,2394,816,12;
273,2399,819,6;
274,2407,822,34;
275,2416,825,39;
276,2427,828,66;
277,2434,831,60;
278,2445,834,130;
279,2454,837,68;
280,2464,840,73;
281,2472,843,33;
282,2479,846,45;
283,2487,849,43;
284,2493,852,0;
285,2502,855,23;
286,2510,858,49;
287,2518,861,14;
288,2525,864,65;
289,2534,867,70;
290,2542,870,37;
291,2551,873,98;
292,2559,876,47;
293,2567,879,57;
294,2576,882,36;
295,2584,885,55;
296,2591,888,25;
297,2602,891,51;
298,2609,894,30;
299,2618,897,102;
300,2627,900,73;
301,2634,903,59;
302,2640,906,25;
303,2651,909,95;
304,2660,912,75;
305,2676,915,34;
306,2686,918,32;
307,2696,921,40;
308,2704,924,30;
309,2714,927,49;
310,2723,930,102;
311,2734,933,80;
312,2742,936,76;
313,2750,939,77;
314,2759,942,88;
315,2767,945,52;
316,2775,948,49;
317,2782,951,45;
318,2792,954,76;
319,2800,957,46;
320,2809,960,0;
321,2817,963,66;
322,2825,966,71;
323,2834,969,91;
324,2841,972,48;
325,2849,975,63;
326,2859,978,100;
327,2868,981,76;
328,2875,984,19;
329,2885,987,31;
330,2895,990,42;
331,2903,993,45;
332,2911,996,87;
333,2923,999,47;
334,2931,1002,100;
335,2939,1005,40;
336,2946,1008,70;
337,2957,1011,71;
338,2965,1014,78;
339,2972,1017,48;
340,2981,1020,85;
341,2991,1023,65;
342,3000,1026,81;
343,3008,1029,101;
344,3015,1032,61;
345,3024,1035,62;
346,3035,1038,75;
347,3042,1041,70;
348,3051,1044,102;
349,3066,1047,37;
350,3075,1050,63;
351,3084,1053,49;
352,3091,1056,47;
353,3101,1059,75;
354,3109,1062,50;
355,3119,1065,97;
356,3127,1068,45;
357,3135,1071,47;
358,3145,1074,86;
359,3156,1077,57;
360,3168,1080,9;
361,3176,1083,94;
362,3184,1086,84;
363,3192,1089,99;
364,3202,1092,85;
365,3210,1095,88;
366,3217,1098,35;
367,3226,1101,52;
368,3241,1104,28;
369,3251,1107,17;
370,3263,1110,27;
371,3272,1113,36;
372,3281,1116,33;
373,3290,1119,96;
374,3298,1122,60;
375,3307,1125,96;
376,3314,1128,39;
377,3327,1131,88;
378,3335,1134,64;
379,3342,1137,68;
380,3348,1140,37;
381,3357,1143,7;
382,3368,1146,69;
383,3376,1149,88;
384,3385,1152,75;
385,3395,1155,77;
386,3403,1158,101;
387,3412,1161,130;
388,3421,1164,95;
389,3430,1167,79;
390,3437,1170,44;
391,3443,1173,19;
392,3452,1176,10;
393,3460,1179,53;
394,3470,1182,80;
395,3479,1185,47;
396,3487,1188,78;
397,3497,1191,32;
398,3505,1194,70;
399,3515,1197,73;
400,3522,1200,24;
401,3529,1203,25;
402,3543,1206,102;
403,3551,1209,72;
404,3562,1212,72;
405,3574,1215,33;
406,3583,1218,13;
407,3590,1221,1;
408,3603,1224,59;
409,3612,1227,46;
410,3618,1230,26;
411,3627,1233,74;
412,3634,1236,46;
413,3641,1239,7;
414,3649,1242,27;
415,3657,1245,19;
416,3668,1248,141;
417,3676,1251,96;
418,3685,1254,71;
419,3694,1257,50;
420,3703,1260,91;
421,3715,1263,78;
422,3722,1266,82;
423,3728,1269,28;
424,3737,1272,59;
425,3744,1275,49;
426,3754,1278,92;
427,3763,1281,29;
428,3775,1284,63;
429,3788,1287,58;
430,3797,1290,9;
431,3804,1293,49;
432,3813,1296,100;
433,3826,1299,5;
434,3833,1302,17;
435,3840,1305,32;
436,3850,1308,10;
437,3862,1311,99;
438,3872,1314,60;
439,3881,1317,65;
440,3890,1320,72;
441,3899,1323,47;
442,3906,1326,55;
443,3919,1329,39;
444,3927,1332,100;
445,3934,1335,27;
446,3943,1338,62;
447,3952,1341,52;
448,3967,1344,73;
449,3976,1347,60;
450,3987,1350,51;
451,3995,1353,42;
452,4004,1356,51;
453,4013,1359,49;
454,4022,1362,53;
455,4029,1365,19;
456,4037,1368,0;
457,4047,1371,130;
458,4056,1374,61;
459,4072,1377,65;
460,4080,1380,49;
461,4087,1383,60;
462,4097,1386,129;
463,4107,1389,124;
464,4118,1392,15;
465,4128,1395,60;
466,4141,1398,57;
467,4147,1401,43;
468,4160,1404,34;
469,4170,1407,71;
470,4180,1410,49;
471,4187,1413,15;
472,4199,1416,42;
473,4206,1419,30;
474,4217,1422,65;
475,4225,1425,33;
476,4233,1428,8;
477,4243,1431,18;
478,4253,1434,61;
479,4262,1437,65;
480,4270,1440,41;
481,4280,1443,73;
482,4287,1446,87;
483,4300,1449,131;
484,4309,1452,73;
485,4317,1455,37;
486,4327,1458,47;
487,4334,1461,47;
488,4343,1464,90;
489,4351,1467,63;
490,4361,1470,58;
491,4370,1473,59;
492,4376,1476,98;
493,4385,1479,92;
494,4393,1482,72;
495,4402,1485,101;
496,4411,1488,80;
497,4418,1491,38;
498,4428,1494,106;
499,4437,1497,83;
500,4446,1500,85;
501,4454,1503,57;
502,4461,1506,35;
503,4471,1509,90;
504,4478,1512,76;
505,4489,1515,72;
506,4496,1518,59;
507,4510,1521,12;
508,4521,1524,55;
509,4528,1527,40;
510,4536,1530,1;
511,4546,1533,90;
512,4557,1536,25;
513,4568,1539,63;
514,4576,1542,82;
515,4580,1545,21;
516,4588,1548,19;
517,4600,1551,12;
518,4614,1554,32;
519,4624,1557,102;
520,4633,1560,67;
521,4639,1563,80;
522,4647,1566,62;
523,4656,1569,72;
524,4666,1572,94;
525,4674,1575,122;
526,4683,1578,65;
527,4689,1581,5;
528,4698,1584,35;
529,4706,1587,61;
530,4715,1590,91;
531,4725,1593,69;
532,4734,1596,64;
533,4742,1599,79;
534,4752,1602,124;
535,4760,1605,54;
536,4770,1608,75;
537,4777,1611,48;
538,4784,1614,34;
539,4794,1617,53;
540,4803,1620,82;
541,4812,1623,76;
542,4821,1626,79;
543,4830,1629,79;
544,4838,1632,131;
545,4846,1635,68;
546,4853,1638,60;
547,4860,1641,49;
548,4869,1644,48;
549,4879,1647,155;
550,4888,1650,19;
551,4896,1653,110;
552,4904,1656,55;
553,4911,1659,77;
554,4923,1662,73;
555,4931,1665,49;
556,4939,1668,97;
557,4950,1671,42;
558,4963,1674,21;
559,4969,1677,59;
560,4981,1680,47;
561,4988,1683,52;
562,4997,1686,69;
563,5006,1689,82;
564,5015,1692,25;
565,5024,1695,53;
566,5034,1698,36;
567,5043,1701,73;
568,5050,1704,74;
569,5061,1707,56;
570,5068,1710,92;
571,5075,1713,25;
572,5082,1716,53;
573,5093,1719,52;
574,5102,1722,100;
575,5110,1725,46;
576,5119,1728,38;
577,5129,1731,81;
578,5138,1734,120;
579,5146,1737,67;
580,5153,1740,19;
581,5162,1743,80;
582,5170,1746,61;
583,5179,1749,72;
584,5188,1752,136;
585,5196,1755,94;
586,5205,1758,54;
587,5213,1761,30;
588,5223,1764,35;
589,5234,1767,36;
590,5240,1770,57;
591,5249,1773,39;
592,5257,1776,40;
593,5266,1779,82;
594,5273,1782,82;
595,5280,1785,69;
596,5289,1788,112;
597,5300,1791,56;
598,5310,1794,102;
599,5319,1797,83;
600,5328,1800,32;
601,5336,1803,57;
602,5346,1806,93;
603,5353,1809,70;
604,5363,1812,82;
605,5372,1815,64;
606,5381,1818,142;
607,5389,1821,33;
608,5397,1824,40;
609,5412,1827,43;
610,5421,1830,25;
611,5430,1833,98;
612,5441,1836,86;
613,5449,1839,53;
614,5456,1842,90;
615,5465,1845,96;
616,5479,1848,69;
617,5488,1851,98;
618,5496,1854,47;
619,5502,1857,33;
620,5515,1860,51;
621,5524,1863,71;
622,5532,1866,78;
623,5542,1869,34;
624,5549,1872,89;
625,5558,1875,37;
626,5570,1878,84;
627,5580,1881,87;
628,5589,1884,106;
629,5596,1887,43;
630,5606,1890,50;
631,5613,1893,16;
632,5623,1896,14;
633,5631,1899,58;
634,5639,1902,70;
635,5648,1905,78;
636,5657,1908,70;
637,5666,1911,85;
638,5676,1914,124;
639,5685,1917,56;
640,5694,1920,49;
641,5702,1923,45;
642,5709,1926,53;
643,5716,1929,71;
644,5725,1932,60;
645,5733,1935,58;
646,5741,1938,64;
647,5750,1941,65;
648,5759,1944,82;
649,5770,1947,117;
650,5779,1950,72;
651,5787,1953,33;
652,5792,1956,12;
653,5802,1959,22;
654,5810,1962,16;
655,5818,1965,23;
656,5828,1968,55;
657,5836,1971,82;
658,5842,1974,48;
659,5850,1977,56;
660,5860,1980,82;
661,5868,1983,99;
662,5878,1986,68;
663,5885,1989,53;
664,5894,1992,38;
665,5902,1995,18;
666,5918,1998,82;
667,5925,2001,75;
668,5935,2004,218;
669,5944,2007,77;
670,5953,2010,119;
671,5962,2013,89;
672,5972,2016,88;
673,5982,2019,23;
674,5990,2022,13;
675,5996,2025,30;
676,6005,2028,114;
677,6012,2031,52;
678,6021,2034,86;
679,6030,2037,102;
680,6040,2040,74;
681,6051,2043,83;
682,6058,2046,73;
683,6069,2049,20;
684,6077,2052,44;
685,6087,2055,12;
686,6096,2058,99;
687,6105,2061,62;
688,6114,2064,76;
689,6123,2067,105;
690,6133,2070,80;
691,6142,2073,59;
692,6151,2076,87;
693,6159,2079,75;
694,6164,2082,14;
695,6173,2085,68;
696,6180,2088,83;
697,6188,2091,82;
698,6196,2094,62;
699,6205,2097,89;
700,6214,2100,53;
701,6222,2103,104;
702,6232,2106,40;
703,6240,2109,65;
704,6252,2112,64;
705,6267,2115,77;
706,6275,2118,77;
707,6284,2121,62;
708,6292,2124,10;
709,6302,2127,54;
710,6311,2130,43;
711,6318,2133,76;
712,6326,2136,74;
713,6335,2139,74;
714,6344,2142,92;
715,6359,2145,24;
716,6369,2148,36;
717,6378,2151,42;
718,6387,2154,113;
719,6398,2157,83;
720,6408,2160,107;
721,6416,2163,42;
722,6423,2166,15;
723,6430,2169,56;
724,6439,2172,54;
725,6447,2175,13;
726,6455,2178,29;
727,6467,2181,20;
728,6476,2184,95;
729,6486,2187,84;
730,6496,2190,79;
731,6504,2193,83;
732,6513,2196,95;
733,6521,2199,42;
734,6531,2202,76;
735,6541,2205,29;
736,6547,2208,26;
737,6560,2211,45;
738,6566,2214,21;
739,6574,2217,8;
740,6582,2220,15;
741,6589,2223,32;
742,6597,2226,32;
743,6610,2229,70;
744,6620,2232,64;
745,6629,2235,84;
746,6637,2238,116;
747,6646,2241,204;
748,6656,2244,10;
749,6661,2247,0;
750,6671,2250,66;
751,6681,2253,100;
752,6689,2256,98;
753,6699,2259,103;
754,6708,2262,107;
755,6716,2265,65;
756,6724,2268,82;
757,6730,2271,11;
758,6739,2274,23;
759,6748,2277,113;
760,6757,2280,102;
761,6767,2283,48;
762,6775,2286,80;
763,6784,2289,67;
764,6793,2292,66;
765,6798,2295,17;
766,6808,2298,66;
767,6817,2301,78;
768,6826,2304,66;
769,6835,2307,68;
770,6842,2310,90;
771,6852,2313,101;
772,6862,2316,155;
773,6871,2319,113;
774,6879,2322,63;
775,6887,2325,98;
776,6896,2328,43;
777,6904,2331,46;
778,6913,2334,83;
779,6920,2337,46;
780,6928,2340,65;
781,6937,2343,89;
782,6948,2346,75;
783,6956,2349,57;
784,6965,2352,134;
785,6974,2355,73;
786,6982,2358,66;
787,6990,2361,62;
788,6998,2364,52;
789,7006,2367,97;
790,7015,2370,46;
791,7025,2373,89;
792,7033,2376,136;
793,7044,2379,101;
794,7054,2382,64;
795,7062,2385,45;
796,7071,2388,9;
797,7085,2391,59;
798,7094,2394,42;
799,7104,2397,95;
800,7111,2400,22;
801,7120,2403,26;
802,7127,2406,31;
803,7136,2409,25;
804,7143,2412,53;
805,7151,2415,62;
806,7159,2418,48;
807,7169,2421,72;
808,7176,2424,46;
809,7183,2427,0;
810,7194,2430,61;
811,7202,2433,90;
812,7211,2436,97;
813,7221,2439,100;
814,7228,2442,93;
815,7240,2445,68;
816,7251,2448,103;
817,7261,2451,45;
818,7271,2454,9;
819,7278,2457,35;
820,7285,2460,68;
821,7294,2463,81;
822,7303,2466,93;
823,7314,2469,71;
824,7326,2472,133;
825,7334,2475,149;
826,7342,2478,41;
827,7350,2481,10;
828,7359,2484,90;
829,7368,2487,142;
830,7377,2490,106;
831,7386,2493,73;
832,7395,2496,26;
833,7404,2499,127;
834,7414,2502,71;
835,7425,2505,39;
836,7433,2508,83;
837,7443,2511,70;
838,7451,2514,90;
839,7460,2517,84;
840,7472,2520,115;
841,7481,2523,83;
842,7490,2526,53;
843,7499,2529,59;
844,7506,2532,45;
845,7522,2535,55;
846,7534,2538,58;
847,7545,2541,66;
848,7553,2544,67;
849,7562,2547,96;
850,7570,2550,101;
851,7578,2553,49;
852,7587,2556,72;
853,7597,2559,43;
854,7606,2562,66;
855,7613,2565,36;
856,7622,2568,79;
857,7630,2571,81;
858,7637,2574,38;
859,7646,2577,71;
860,7654,2580,48;
861,7661,2583,63;
862,7672,2586,61;
863,7680,2589,87;
864,7691,2592,29;
865,7697,2595,42;
866,7706,2598,48;
867,7720,2601,41;
868,7729,2604,129;
869,7738,2607,99;
870,7747,2610,108;
871,7755,2613,50;
872,7761,2616,51;
873,7771,2619,32;
874,7779,2622,98;
875,7786,2625,38;
876,7795,2628,74;
877,7804,2631,121;
878,7814,2634,51;
879,7821,2637,39;
880,7831,2640,92;
881,7840,2643,90;
882,7852,2646,39;
883,7861,2649,82;
884,7869,2652,30;
885,7876,2655,43;
886,7886,2658,8;
887,7894,2661,124;
888,7907,2664,43;
889,7919,2667,65;
890,7926,2670,102;
891,7933,2673,77;
892,7940,2676,37;
893,7950,2679,76;
894,7960,2682,120;
895,7969,2685,24;
896,7977,2688,61;
897,7986,2691,89;
898,7996,2694,54;
899,8003,2697,92;
900,8014,2700,102;
901,8022,2703,128;
902,8030,2706,40;
903,8039,2709,101;
904,8046,2712,82;
905,8052,2715,5;
906,8060,2718,81;
907,8068,2721,94;
908,8077,2724,40;
909,8086,2727,118;
910,8095,2730,86;
911,8105,2733,82;
912,8112,2736,82;
913,8122,2739,48;
914,8130,2742,52;
915,8143,2745,47;
916,8151,2748,52;
917,8160,2751,43;
918,8166,2754,65;
919,8174,2757,63;
920,8183,2760,80;
921,8191,2763,51;
922,8199,2766,84;
923,8205,2769,55;
924,8214,2772,77;
925,8224,2775,64;
926,8234,2778,13;
927,8241,2781,47;
928,8250,2784,47;
929,8259,2787,122;
930,8269,2790,73;
931,8278,2793,125;
932,8287,2796,67;
933,8297,2799,76;
934,8306,2802,52;
935,8313,2805,22;
936,8324,2808,33;
937,8331,2811,52;
938,8342,2814,67;
939,8352,2817,68;
940,8361,2820,60;
941,8369,2823,5;
942,8380,2826,37;
943,8394,2829,43;
944,8403,2832,90;
945,8410,2835,76;
946,8417,2838,59;
947,8426,2841,44;
948,8433,2844,32;
949,8440,2847,27;
950,8450,2850,62;
951,8459,2853,64;
952,8467,2856,40;
953,8476,2859,85;
954,8484,2862,67;
955,8496,2865,81;
956,8505,2868,41;
957,8515,2871,100;
958,8522,2874,105;
959,8532,2877,30;
960,8542,2880,45;
961,8550,2883,91;
962,8560,2886,48;
963,8567,2889,67;
964,8576,2892,61;
965,8584,2895,99;
966,8592,2898,75;
967,8601,2901,60;
968,8610,2904,84;
969,8618,2907,52;
970,8629,2910,3;
971,8641,2913,28;
972,8649,2916,89;
973,8657,2919,109;
974,8667,2922,81;
975,8675,2925,75;
976,8686,2928,65;
977,8695,2931,101;
978,8704,2934,103;
979,8712,2937,77;
980,8719,2940,38;
981,8729,2943,86;
982,8740,2946,126;
983,8748,2949,109;
984,8755,2952,56;
985,8764,2955,91;
986,8771,2958,64;
987,8780,2961,114;
988,8788,2964,62;
989,8798,2967,29;
990,8803,2970,0;
991,8812,2973,43;
992,8820,2976,62;
993,8829,2979,59;
994,8839,2982,95;
995,8848,2985,121;
996,8857,2988,62;
997,8869,2991,85;
998,8876,2994,84;
999,8886,2997,58;
1000,8894,3000,31;
