1,7,3,52;
2,16,6,72;
3,26,9,61;
4,39,12,29;
5,47,15,2;
6,54,18,53;
7,67,21,22;
8,76,24,28;
9,84,27,45;
10,91,30,16;
11,99,33,103;
12,107,36,67;
13,114,39,1;
14,119,42,6;
15,128,45,6;
16,133,48,21;
17,143,51,52;
18,150,54,5;
19,161,57,14;
20,172,60,22;
21,180,63,42;
22,189,66,82;
23,197,69,47;
24,206,72,43;
25,214,75,5;
26,218,78,1;
27,228,81,75;
28,237,84,64;
29,246,87,32;
30,260,90,8;
31,270,93,41;
32,284,96,50;
33,295,99,15;
34,310,102,39;
35,319,105,32;
36,332,108,28;
37,341,111,45;
38,349,114,39;
39,362,117,27;
40,370,120,23;
41,378,123,66;
42,395,126,18;
43,405,129,48;
44,412,132,66;
45,420,135,62;
46,428,138,64;
47,436,141,46;
48,445,144,5;
49,452,147,12;
50,461,150,60;
51,469,153,28;
52,475,156,41;
53,488,159,80;
54,498,162,59;
55,506,165,68;
56,514,168,18;
57,521,171,14;
58,530,174,17;
59,546,177,32;
60,555,180,30;
61,565,183,39;
62,573,186,23;
63,579,189,28;
64,598,192,96;
65,606,195,61;
66,615,198,84;
67,624,201,90;
68,634,204,0;
69,642,207,32;
70,651,210,38;
71,660,213,74;
72,670,216,30;
73,677,219,40;
74,696,222,31;
75,703,225,30;
76,710,228,36;
77,724,231,56;
78,736,234,10;
79,746,237,77;
80,754,240,21;
81,762,243,86;
82,770,246,65;
83,779,249,61;
84,790,252,63;
85,798,255,63;
86,807,258,68;
87,816,261,90;
88,825,264,25;
89,832,267,11;
90,842,270,8;
91,849,273,114;
92,856,276,11;
93,860,279,6;
94,870,282,9;
95,884,285,81;
96,892,288,15;
97,904,291,14;
98,913,294,86;
99,920,297,6;
100,929,300,65;
101,939,303,15;
102,949,306,76;
103,959,309,53;
104,969,312,97;
105,979,315,51;
106,986,318,17;
107,996,321,42;
108,1008,324,43;
109,1024,327,33;
110,1032,330,18;
111,1042,333,54;
112,1053,336,56;
113,1062,339,48;
114,1075,342,25;
115,1083,345,46;
116,1090,348,45;
117,1094,351,23;
118,1106,354,30;
119,1115,357,70;
120,1123,360,63;
121,1134,363,39;
122,1142,366,59;
123,1149,369,84;
124,1157,372,22;
125,1167,375,48;
126,1175,378,67;
127,1185,381,22;
128,1192,384,12;
129,1202,387,43;
130,1213,390,6;
131,1225,393,36;
132,1234,396,59;
133,1243,399,61;
134,1250,402,28;
135,1258,405,46;
136,1267,408,62;
137,1275,411,57;
138,1287,414,62;
139,1298,417,106;
140,1308,420,32;
141,1315,423,37;
142,1325,426,59;
143,1335,429,19;
144,1343,432,83;
145,1353,435,30;
146,1364,438,37;
147,1371,441,106;
148,1379,444,47;
149,1388,447,73;
150,1397,450,39;
151,1404,453,19;
152,1415,456,12;
153,1421,459,49;
154,1430,462,44;
155,1441,465,37;
156,1449,468,20;
157,1457,471,39;
158,1467,474,68;
159,1477,477,113;
160,1485,480,80;
161,1493,483,6;
162,1502,486,17;
163,1508,489,6;
164,1516,492,34;
165,1522,495,10;
166,1532,498,28;
167,1548,501,21;
168,1558,504,47;
169,1568,507,51;
170,1576,510,29;
171,1586,513,66;
172,1596,516,125;
173,1605,519,59;
174,1612,522,53;
175,1623,525,69;
176,1636,528,40;
177,1646,531,33;
178,1655,534,67;
179,1665,537,0;
180,1671,540,0;
181,1682,543,50;
182,1698,546,52;
183,1711,549,54;
184,1719,552,22;
185,1727,555,6;
186,1737,558,66;
187,1745,561,2;
188,1754,564,0;
189,1762,567,36;
190,1769,570,68;
191,1781,573,73;
192,1789,576,33;
193,1794,579,0;
194,1801,582,10;
195,1813,585,80;
196,1820,588,74;
197,1836,591,84;
198,1844,594,29;
199,1860,597,57;
200,1866,600,12;
201,1881,603,15;
202,1893,606,31;
203,1902,609,35;
204,1918,612,28;
205,1928,615,27;
206,1938,618,88;
207,1947,621,76;
208,1953,624,8;
209,1967,627,75;
210,1975,630,56;
211,1987,633,34;
212,1994,636,48;
213,2002,639,0;
214,2012,642,3;
215,2023,645,80;
216,2030,648,19;
217,2039,651,11;
218,2044,654,8;
219,2049,657,0;
220,2056,660,24;
221,2065,663,76;
222,2075,666,73;
223,2083,669,54;
224,2091,672,53;
225,2100,675,119;
226,2109,678,91;
227,2118,681,162;
228,2126,684,32;
229,2134,687,39;
230,2143,690,25;
231,2152,693,42;
232,2162,696,37;
233,2171,699,89;
234,2179,702,41;
235,2190,705,24;
236,2199,708,62;
237,2205,711,53;
238,2216,714,76;
239,2224,717,60;
240,2233,720,10;
241,2243,723,18;
242,2251,726,60;
243,2260,729,25;
244,2269,732,96;
245,2279,735,44;
246,2289,738,29;
247,2296,741,51;
248,2306,744,18;
249,2312,747,8;
250,2320,750,38;
251,2329,753,15;
252,2338,756,34;
253,2349,759,59;
254,2357,762,62;
255,2367,765,37;
256,2375,768,2;
257,2387,771,8;
258,2395,774,48;
259,2404,777,57;
260,2413,780,67;
261,2423,783,49;
262,2431,786,87;
263,2440,789,48;
264,2448,792,97;
265,2457,795,46;
266,2467,798,55;
267,2480,801,38;
268,2489,804,44;
269,2499,807,24;
270,2512,810,53;
271,2523,813,56;
272,2531,816,69;
273,2542,819,57;
274,2552,822,8;
275,2560,825,54;
276,2578,828,39;
277,2591,831,36;
278,2599,834,98;
279,2609,837,80;
280,2620,840,45;
281,2628,843,70;
282,2637,846,70;
283,2643,849,18;
284,2652,852,17;
285,2660,855,44;
286,2669,858,69;
287,2678,861,53;
288,2687,864,26;
289,2695,867,51;
290,2703,870,82;
291,2711,873,48;
292,2721,876,104;
293,2732,879,56;
294,2741,882,66;
295,2754,885,69;
296,2763,888,73;
297,2771,891,40;
298,2779,894,29;
299,2789,897,10;
300,2800,900,86;
301,2808,903,53;
302,2821,906,89;
303,2830,909,99;
304,2840,912,59;
305,2849,915,31;
306,2857,918,26;
307,2866,921,25;
308,2874,924,44;
309,2882,927,94;
310,2890,930,75;
311,2897,933,63;
312,2906,936,48;
313,2916,939,57;
314,2925,942,66;
315,2934,945,96;
316,2942,948,55;
317,2950,951,61;
318,2959,954,93;
319,2968,957,90;
320,2977,960,62;
321,2985,963,120;
322,2996,966,96;
323,3003,969,47;
324,3014,972,77;
325,3022,975,78;
326,3030,978,123;
327,3038,981,55;
328,3048,984,50;
329,3056,987,50;
330,3064,990,44;
331,3074,993,70;
332,3082,996,95;
333,3093,999,73;
334,3101,1002,26;
335,3109,1005,41;
336,3116,1008,24;
337,3124,1011,52;
338,3131,1014,54;
339,3142,1017,7;
340,3152,1020,83;
341,3159,1023,72;
342,3167,1026,42;
343,3176,1029,63;
344,3185,1032,78;
345,3192,1035,48;
346,3201,1038,40;
347,3208,1041,14;
348,3216,1044,13;
349,3223,1047,25;
350,3231,1050,13;
351,3241,1053,18;
352,3248,1056,32;
353,3258,1059,23;
354,3265,1062,61;
355,3275,1065,48;
356,3284,1068,79;
357,3292,1071,75;
358,3297,1074,28;
359,3308,1077,105;
360,3318,1080,59;
361,3326,1083,26;
362,3339,1086,35;
363,3349,1089,65;
364,3358,1092,52;
365,3367,1095,81;
366,3377,1098,64;
367,3387,1101,134;
368,3395,1104,49;
369,3404,1107,54;
370,3414,1110,27;
371,3422,1113,25;
372,3435,1116,33;
373,3444,1119,62;
374,3451,1122,21;
375,3458,1125,44;
376,3466,1128,58;
377,3476,1131,54;
378,3486,1134,53;
379,3494,1137,62;
380,3501,1140,33;
381,3512,1143,6;
382,3520,1146,44;
383,3530,1149,104;
384,3538,1152,45;
385,3547,1155,70;
386,3558,1158,34;
387,3564,1161,40;
388,3572,1164,16;
389,3578,1167,19;
390,3589,1170,45;
391,3601,1173,20;
392,3610,1176,29;
393,3622,1179,38;
394,3629,1182,21;
395,3639,1185,30;
396,3648,1188,121;
397,3656,1191,39;
398,3664,1194,65;
399,3676,1197,76;
400,3684,1200,59;
401,3692,1203,55;
402,3699,1206,55;
403,3708,1209,26;
404,3717,1212,34;
405,3729,1215,60;
406,3737,1218,76;
407,3749,1221,51;
408,3757,1224,39;
409,3765,1227,20;
410,3773,1230,20;
411,3785,1233,65;
412,3792,1236,105;
413,3797,1239,10;
414,3814,1242,16;
415,3830,1245,25;
416,3838,1248,63;
417,3846,1251,79;
418,3855,1254,106;
419,3865,1257,82;
420,3872,1260,77;
421,3881,1263,18;
422,3888,1266,19;
423,3893,1269,19;
424,3903,1272,116;
425,3913,1275,36;
426,3924,1278,65;
427,3932,1281,51;
428,3940,1284,8;
429,3949,1287,11;
430,3956,1290,57;
431,3964,1293,45;
432,3975,1296,60;
433,3985,1299,50;
434,3993,1302,41;
435,4000,1305,49;
436,4007,1308,19;
437,4012,1311,10;
438,4024,1314,28;
439,4032,1317,42;
440,4039,1320,26;
441,4050,1323,44;
442,4058,1326,37;
443,4065,1329,76;
444,4074,1332,54;
445,4082,1335,100;
446,4091,1338,68;
447,4104,1341,80;
448,4111,1344,73;
449,4118,1347,27;
450,4127,1350,42;
451,4134,1353,32;
452,4144,1356,54;
453,4155,1359,67;
454,4163,1362,70;
455,4173,1365,26;
456,4180,1368,18;
457,4190,1371,48;
458,4197,1374,50;
459,4209,1377,35;
460,4216,1380,33;
461,4228,1383,70;
462,4237,1386,67;
463,4245,1389,71;
464,4251,1392,17;
465,4258,1395,39;
466,4268,1398,66;
467,4276,1401,63;
468,4286,1404,115;
469,4294,1407,59;
470,4304,1410,37;
471,4311,1413,40;
472,4322,1416,76;
473,4332,1419,64;
474,4339,1422,35;
475,4348,1425,49;
476,4357,1428,105;
477,4370,1431,67;
478,4379,1434,73;
479,4387,1437,36;
480,4395,1440,66;
481,4402,1443,34;
482,4412,1446,111;
483,4421,1449,65;
484,4430,1452,116;
485,4437,1455,44;
486,4450,1458,69;
487,4458,1461,111;
488,4467,1464,49;
489,4476,1467,91;
490,4483,1470,2;
491,4498,1473,74;
492,4504,1476,47;
493,4512,1479,43;
494,4526,1482,76;
495,4533,1485,65;
496,4543,1488,48;
497,4556,1491,80;
498,4563,1494,10;
499,4572,1497,87;
500,4578,1500,20;
501,4587,1503,3;
502,4594,1506,21;
503,4602,1509,56;
504,4611,1512,109;
505,4620,1515,84;
506,4631,1518,101;
507,4640,1521,52;
508,4649,1524,84;
509,4658,1527,116;
510,4666,1530,63;
511,4680,1533,46;
512,4692,1536,45;
513,4701,1539,67;
514,4709,1542,73;
515,4719,1545,68;
516,4730,1548,100;
517,4737,1551,81;
518,4747,1554,81;
519,4755,1557,94;
520,4768,1560,30;
521,4777,1563,34;
522,4785,1566,50;
523,4794,1569,66;
524,4804,1572,87;
525,4813,1575,82;
526,4821,1578,41;
527,4831,1581,47;
528,4844,1584,84;
529,4855,1587,102;
530,4861,1590,16;
531,4872,1593,107;
532,4884,1596,89;
533,4893,1599,31;
534,4902,1602,102;
535,4914,1605,75;
536,4923,1608,56;
537,4930,1611,17;
538,4943,1614,17;
539,4952,1617,41;
540,4960,1620,63;
541,4970,1623,88;
542,4979,1626,64;
543,4987,1629,58;
544,4997,1632,75;
545,5005,1635,51;
546,5016,1638,81;
547,5024,1641,85;
548,5035,1644,62;
549,5043,1647,90;
550,5053,1650,57;
551,5061,1653,47;
552,5072,1656,70;
553,5081,1659,80;
554,5090,1662,10;
555,5097,1665,23;
556,5110,1668,92;
557,5118,1671,109;
558,5124,1674,46;
559,5132,1677,48;
560,5140,1680,84;
561,5150,1683,104;
562,5159,1686,71;
563,5168,1689,62;
564,5175,1692,77;
565,5184,1695,45;
566,5195,1698,17;
567,5203,1701,48;
568,5212,1704,23;
569,5226,1707,68;
570,5235,1710,70;
571,5243,1713,74;
572,5250,1716,72;
573,5259,1719,43;
574,5269,1722,74;
575,5278,1725,70;
576,5288,1728,106;
577,5296,1731,57;
578,5305,1734,47;
579,5314,1737,70;
580,5325,1740,72;
581,5335,1743,20;
582,5343,1746,68;
583,5353,1749,79;
584,5362,1752,79;
585,5370,1755,7;
586,5378,1758,14;
587,5386,1761,45;
588,5394,1764,9;
589,5402,1767,74;
590,5409,1770,73;
591,5416,1773,50;
592,5428,1776,55;
593,5437,1779,83;
594,5448,1782,67;
595,5455,1785,25;
596,5463,1788,83;
597,5475,1791,62;
598,5482,1794,4;
599,5490,1797,48;
600,5499,1800,50;
601,5508,1803,43;
602,5518,1806,67;
603,5527,1809,101;
604,5537,1812,57;
605,5545,1815,48;
606,5554,1818,97;
607,5562,1821,108;
608,5574,1824,44;
609,5584,1827,91;
610,5593,1830,9;
611,5604,1833,36;
612,5614,1836,86;
613,5623,1839,58;
614,5631,1842,61;
615,5640,1845,47;
616,5650,1848,75;
617,5658,1851,126;
618,5667,1854,61;
619,5675,1857,25;
620,5684,1860,54;
621,5696,1863,66;
622,5702,1866,56;
623,5713,1869,57;
624,5721,1872,57;
625,5730,1875,94;
626,5740,1878,71;
627,5748,1881,83;
628,5758,1884,25;
629,5765,1887,26;
630,5775,1890,10;
631,5783,1893,22;
632,5794,1896,32;
633,5801,1899,18;
634,5810,1902,75;
635,5820,1905,61;
636,5831,1908,74;
637,5840,1911,111;
638,5848,1914,73;
639,5858,1917,82;
640,5866,1920,17;
641,5874,1923,30;
642,5887,1926,57;
643,5896,1929,114;
644,5906,1932,99;
645,5914,1935,68;
646,5924,1938,77;
647,5933,1941,79;
648,5942,1944,79;
649,5950,1947,50;
650,5962,1950,34;
651,5973,1953,38;
652,5981,1956,89;
653,5991,1959,72;
654,5999,1962,45;
655,6007,1965,108;
656,6015,1968,114;
657,6022,1971,62;
658,6029,1974,51;
659,6039,1977,26;
660,6047,1980,34;
661,6055,1983,36;
662,6065,1986,58;
663,6074,1989,87;
664,6083,1992,59;
665,6093,1995,103;
666,6101,1998,83;
667,6110,2001,80;
668,6119,2004,64;
669,6128,2007,67;
670,6137,2010,23;
671,6144,2013,50;
672,6157,2016,128;
673,6165,2019,85;
674,6174,2022,95;
675,6182,2025,64;
676,6190,2028,49;
677,6198,2031,70;
678,6207,2034,56;
679,6216,2037,66;
680,6224,2040,27;
681,6231,2043,27;
682,6237,2046,19;
683,6246,2049,95;
684,6255,2052,91;
685,6263,2055,36;
686,6269,2058,46;
687,6276,2061,41;
688,6285,2064,19;
689,6295,2067,60;
690,6306,2070,40;
691,6314,2073,29;
692,6323,2076,83;
693,6329,2079,22;
694,6338,2082,9;
695,6347,2085,35;
696,6354,2088,25;
697,6362,2091,127;
698,6372,2094,41;
699,6381,2097,77;
700,6389,2100,82;
701,6398,2103,33;
702,6409,2106,37;
703,6418,2109,39;
704,6428,2112,26;
705,6436,2115,27;
706,6445,2118,50;
707,6452,2121,81;
708,6460,2124,45;
709,6468,2127,56;
710,6478,2130,97;
711,6487,2133,82;
712,6496,2136,56;
713,6506,2139,63;
714,6516,2142,87;
715,6527,2145,16;
716,6533,2148,20;
717,6540,2151,19;
718,6548,2154,48;
719,6562,2157,36;
720,6575,2160,32;
721,6582,2163,35;
722,6591,2166,62;
723,6601,2169,75;
724,6609,2172,94;
725,6617,2175,60;
726,6625,2178,164;
727,6634,2181,10;
728,6641,2184,17;
729,6650,2187,83;
730,6662,2190,122;
731,6670,2193,107;
732,6677,2196,66;
733,6686,2199,103;
734,6695,2202,79;
735,6705,2205,3;
736,6713,2208,3;
737,6722,2211,76;
738,6731,2214,100;
739,6741,2217,49;
740,6749,2220,99;
741,6756,2223,47;
742,6766,2226,84;
743,6773,2229,37;
744,6787,2232,42;
745,6796,2235,87;
746,6805,2238,85;
747,6815,2241,93;
748,6824,2244,44;
749,6832,2247,150;
750,6841,2250,126;
751,6850,2253,110;
752,6859,2256,75;
753,6868,2259,37;
754,6876,2262,44;
755,6884,2265,89;
756,6892,2268,62;
757,6902,2271,57;
758,6909,2274,73;
759,6920,2277,55;
760,6928,2280,62;
761,6937,2283,89;
762,6945,2286,98;
763,6951,2289,48;
764,6961,2292,77;
765,6971,2295,38;
766,6980,2298,137;
767,6993,2301,96;
768,7002,2304,105;
769,7013,2307,110;
770,7021,2310,72;
771,7030,2313,81;
772,7039,2316,61;
773,7050,2319,3;
774,7061,2322,99;
775,7068,2325,43;
776,7077,2328,76;
777,7085,2331,38;
778,7096,2334,45;
779,7105,2337,59;
780,7116,2340,79;
781,7124,2343,73;
782,7135,2346,61;
783,7144,2349,96;
784,7152,2352,52;
785,7161,2355,10;
786,7170,2358,73;
787,7179,2361,74;
788,7188,2364,92;
789,7196,2367,96;
790,7204,2370,72;
791,7213,2373,50;
792,7221,2376,72;
793,7230,2379,75;
794,7239,2382,46;
795,7247,2385,13;
796,7255,2388,60;
797,7264,2391,110;
798,7273,2394,84;
799,7283,2397,91;
800,7291,2400,61;
801,7299,2403,117;
802,7307,2406,143;
803,7316,2409,27;
804,7324,2412,3;
805,7337,2415,57;
806,7345,2418,147;
807,7355,2421,101;
808,7364,2424,82;
809,7375,2427,63;
810,7383,2430,111;
811,7391,2433,78;
812,7397,2436,23;
813,7406,2439,90;
814,7414,2442,73;
815,7425,2445,106;
816,7432,2448,66;
817,7443,2451,81;
818,7451,2454,91;
819,7460,2457,122;
820,7470,2460,71;
821,7478,2463,75;
822,7484,2466,13;
823,7491,2469,5;
824,7501,2472,69;
825,7507,2475,28;
826,7515,2478,58;
827,7524,2481,64;
828,7534,2484,82;
829,7543,2487,36;
830,7552,2490,38;
831,7562,2493,68;
832,7571,2496,65;
833,7581,2499,65;
834,7588,2502,29;
835,7597,2505,15;
836,7604,2508,113;
837,7615,2511,83;
838,7624,2514,91;
839,7636,2517,68;
840,7642,2520,20;
841,7652,2523,101;
842,7660,2526,97;
843,7678,2529,26;
844,7683,2532,11;
845,7690,2535,7;
846,7701,2538,101;
847,7711,2541,58;
848,7719,2544,136;
849,7728,2547,68;
850,7736,2550,25;
851,7748,2553,100;
852,7756,2556,113;
853,7769,2559,56;
854,7777,2562,104;
855,7786,2565,67;
856,7794,2568,45;
857,7805,2571,49;
858,7813,2574,74;
859,7821,2577,61;
860,7831,2580,93;
861,7839,2583,62;
862,7849,2586,62;
863,7855,2589,40;
864,7868,2592,129;
865,7874,2595,59;
866,7889,2598,75;
867,7899,2601,52;
868,7907,2604,55;
869,7913,2607,36;
870,7922,2610,47;
871,7931,2613,68;
872,7940,2616,85;
873,7948,2619,39;
874,7957,2622,73;
875,7965,2625,84;
876,7975,2628,49;
877,7984,2631,31;
878,7993,2634,58;
879,8001,2637,66;
880,8011,2640,39;
881,8020,2643,72;
882,8031,2646,51;
883,8040,2649,100;
884,8048,2652,55;
885,8058,2655,77;
886,8068,2658,97;
887,8077,2661,70;
888,8085,2664,84;
889,8095,2667,20;
890,8103,2670,66;
891,8111,2673,39;
892,8121,2676,70;
893,8128,2679,32;
894,8137,2682,54;
895,8149,2685,46;
896,8160,2688,99;
897,8168,2691,76;
898,8176,2694,66;
899,8184,2697,68;
900,8196,2700,59;
901,8205,2703,20;
902,8213,2706,65;
903,8222,2709,39;
904,8229,2712,66;
905,8240,2715,28;
906,8249,2718,105;
907,8257,2721,67;
908,8267,2724,85;
909,8273,2727,20;
910,8281,2730,60;
911,8294,2733,40;
912,8301,2736,51;
913,8308,2739,14;
914,8319,2742,62;
915,8328,2745,85;
916,8337,2748,58;
917,8350,2751,60;
918,8358,2754,56;
919,8366,2757,51;
920,8375,2760,82;
921,8387,2763,62;
922,8396,2766,42;
923,8409,2769,39;
924,8417,2772,43;
925,8428,2775,21;
926,8441,2778,51;
927,8449,2781,73;
928,8458,2784,65;
929,8467,2787,50;
930,8475,2790,52;
931,8484,2793,95;
932,8492,2796,138;
933,8500,2799,13;
934,8517,2802,91;
935,8525,2805,59;
936,8535,2808,96;
937,8543,2811,26;
938,8551,2814,75;
939,8560,2817,73;
940,8569,2820,53;
941,8578,2823,100;
942,8585,2826,66;
943,8592,2829,49;
944,8602,2832,11;
945,8608,2835,8;
946,8617,2838,62;
947,8626,2841,95;
948,8636,2844,36;
949,8644,2847,68;
950,8651,2850,33;
951,8661,2853,62;
952,8673,2856,115;
953,8682,2859,81;
954,8690,2862,40;
955,8699,2865,17;
956,8709,2868,76;
957,8718,2871,98;
958,8730,2874,62;
959,8739,2877,72;
960,8747,2880,68;
961,8756,2883,64;
962,8766,2886,60;
963,8772,2889,28;
964,8779,2892,0;
965,8787,2895,70;
966,8797,2898,51;
967,8806,2901,51;
968,8816,2904,104;
969,8825,2907,67;
970,8833,2910,88;
971,8843,2913,81;
972,8850,2916,67;
973,8861,2919,76;
974,8870,2922,47;
975,8877,2925,33;
976,8887,2928,44;
977,8893,2931,35;
978,8904,2934,28;
979,8910,2937,20;
980,8918,2940,59;
981,8926,2943,56;
982,8931,2946,22;
983,8937,2949,19;
984,8943,2952,50;
985,8951,2955,2;
986,8955,2958,2;
987,8958,2961,1;
988,8961,2964,1;
989,8964,2967,0;
990,8967,2970,0;
991,8970,2973,0;
992,8973,2976,0;
993,8976,2979,0;
994,8979,2982,1;
995,8982,2985,0;
996,8985,2988,1;
997,8988,2991,0;
998,8991,2994,1;
999,8994,2997,0;
1000,8997,3000,0;
