1,6,3,1962;
2,15,6,40;
3,24,9,55;
4,31,12,46;
5,35,15,0;
6,39,18,2;
7,47,21,69;
8,57,24,44;
9,66,27,10;
10,84,30,50;
11,93,33,14;
12,105,36,129;
13,114,39,57;
14,133,42,38;
15,139,45,11;
16,146,48,32;
17,154,51,56;
18,165,54,20;
19,175,57,22;
20,187,60,61;
21,195,63,91;
22,203,66,69;
23,211,69,32;
24,223,72,6;
25,232,75,62;
26,244,78,22;
27,250,81,11;
28,254,84,25;
29,261,87,0;
30,268,90,23;
31,275,93,43;
32,279,96,0;
33,285,99,1;
34,294,102,55;
35,305,105,56;
36,312,108,33;
37,322,111,32;
38,329,114,31;
39,340,117,55;
40,348,120,53;
41,357,123,62;
42,363,126,17;
43,373,129,45;
44,381,132,50;
45,388,135,35;
46,394,138,3;
47,400,141,10;
48,411,144,27;
49,419,147,91;
50,427,150,46;
51,435,153,75;
52,445,156,61;
53,450,159,11;
54,467,162,52;
55,475,165,35;
56,485,168,38;
57,494,171,47;
58,502,174,42;
59,511,177,68;
60,517,180,21;
61,527,183,65;
62,535,186,7;
63,542,189,71;
64,549,192,17;
65,559,195,54;
66,565,198,22;
67,572,201,36;
68,586,204,47;
69,591,207,11;
70,594,210,1;
71,602,213,0;
72,610,216,82;
73,620,219,75;
74,629,222,73;
75,636,225,66;
76,646,228,35;
77,656,231,39;
78,666,234,46;
79,675,237,69;
80,683,240,45;
81,690,243,15;
82,694,246,10;
83,710,249,91;
84,722,252,33;
85,733,255,28;
86,743,258,24;
87,753,261,28;
88,763,264,42;
89,772,267,84;
90,780,270,53;
91,788,273,46;
92,798,276,47;
93,807,279,76;
94,814,282,49;
95,822,285,29;
96,830,288,57;
97,838,291,20;
98,847,294,34;
99,859,297,147;
100,883,300,50;
101,891,303,67;
102,900,306,21;
103,905,309,8;
104,912,312,10;
105,922,315,99;
106,936,318,56;
107,943,321,23;
108,956,324,83;
109,966,327,65;
110,975,330,84;
111,983,333,56;
112,990,336,25;
113,998,339,23;
114,1012,342,36;
115,1019,345,50;
116,1023,348,0;
117,1032,351,16;
118,1040,354,23;
119,1048,357,27;
120,1059,360,23;
121,1068,363,57;
122,1075,366,36;
123,1085,369,34;
124,1092,372,65;
125,1101,375,62;
126,1114,378,23;
127,1122,381,87;
128,1130,384,76;
129,1136,387,64;
130,1143,390,43;
131,1155,393,93;
132,1163,396,62;
133,1172,399,22;
134,1183,402,56;
135,1191,405,19;
136,1201,408,27;
137,1211,411,39;
138,1219,414,0;
139,1233,417,16;
140,1243,420,93;
141,1252,423,44;
142,1260,426,27;
143,1268,429,14;
144,1276,432,64;
145,1284,435,73;
146,1294,438,43;
147,1304,441,80;
148,1312,444,66;
149,1322,447,56;
150,1333,450,52;
151,1341,453,29;
152,1352,456,93;
153,1359,459,20;
154,1372,462,39;
155,1380,465,96;
156,1393,468,54;
157,1401,471,70;
158,1410,474,36;
159,1420,477,70;
160,1428,480,18;
161,1437,483,27;
162,1447,486,21;
163,1455,489,13;
164,1464,492,33;
165,1474,495,38;
166,1482,498,87;
167,1491,501,98;
168,1499,504,26;
169,1506,507,14;
170,1514,510,28;
171,1524,513,31;
172,1534,516,31;
173,1541,519,13;
174,1547,522,14;
175,1554,525,6;
176,1562,528,9;
177,1572,531,86;
178,1583,534,47;
179,1593,537,12;
180,1602,540,84;
181,1612,543,48;
182,1620,546,75;
183,1630,549,15;
184,1642,552,4;
185,1650,555,54;
186,1660,558,29;
187,1668,561,77;
188,1687,564,22;
189,1695,567,29;
190,1700,570,27;
191,1706,573,0;
192,1714,576,41;
193,1722,579,43;
194,1730,582,16;
195,1736,585,49;
196,1745,588,13;
197,1752,591,46;
198,1761,594,14;
199,1769,597,35;
200,1778,600,74;
201,1788,603,108;
202,1796,606,70;
203,1804,609,26;
204,1815,612,14;
205,1822,615,8;
206,1830,618,140;
207,1841,621,11;
208,1848,624,59;
209,1857,627,22;
210,1865,630,0;
211,1872,633,47;
212,1886,636,20;
213,1891,639,12;
214,1900,642,8;
215,1908,645,26;
216,1920,648,39;
217,1927,651,24;
218,1933,654,29;
219,1943,657,0;
220,1952,660,91;
221,1961,663,77;
222,1967,666,15;
223,1978,669,2;
224,1988,672,86;
225,1994,675,64;
226,2002,678,39;
227,2011,681,55;
228,2016,684,12;
229,2024,687,17;
230,2035,690,49;
231,2045,693,62;
232,2051,696,11;
233,2063,699,12;
234,2069,702,10;
235,2077,705,12;
236,2085,708,101;
237,2101,711,71;
238,2110,714,58;
239,2120,717,132;
240,2129,720,95;
241,2136,723,119;
242,2148,726,85;
243,2157,729,23;
244,2166,732,49;
245,2174,735,60;
246,2183,738,61;
247,2191,741,71;
248,2199,744,11;
249,2209,747,24;
250,2220,750,49;
251,2227,753,42;
252,2236,756,105;
253,2244,759,23;
254,2255,762,30;
255,2264,765,42;
256,2273,768,50;
257,2281,771,74;
258,2291,774,71;
259,2298,777,34;
260,2308,780,44;
261,2321,783,19;
262,2334,786,26;
263,2347,789,76;
264,2355,792,59;
265,2365,795,87;
266,2374,798,38;
267,2380,801,26;
268,2386,804,22;
269,2393,807,17;
270,2407,810,59;
271,2416,813,45;
272,2425,816,66;
273,2436,819,59;
274,2445,822,85;
275,2453,825,57;
276,2462,828,92;
277,2470,831,38;
278,2481,834,45;
279,2494,837,22;
280,2503,840,35;
281,2511,843,9;
282,2519,846,50;
283,2525,849,10;
284,2534,852,71;
285,2541,855,60;
286,2550,858,93;
287,2557,861,33;
288,2565,864,50;
289,2575,867,81;
290,2583,870,27;
291,2591,873,12;
292,2599,876,61;
293,2608,879,16;
294,2616,882,99;
295,2624,885,66;
296,2634,888,91;
297,2641,891,60;
298,2650,894,76;
299,2658,897,76;
300,2664,900,21;
301,2675,903,40;
302,2684,906,57;
303,2692,909,37;
304,2700,912,25;
305,2708,915,39;
306,2719,918,58;
307,2727,921,65;
308,2736,924,75;
309,2744,927,90;
310,2755,930,70;
311,2763,933,48;
312,2771,936,33;
313,2782,939,40;
314,2795,942,56;
315,2813,945,134;
316,2821,948,76;
317,2830,951,103;
318,2838,954,54;
319,2845,957,50;
320,2852,960,101;
321,2862,963,59;
322,2872,966,27;
323,2881,969,18;
324,2888,972,16;
325,2900,975,88;
326,2908,978,68;
327,2915,981,41;
328,2922,984,47;
329,2931,987,93;
330,2940,990,80;
331,2949,993,68;
332,2958,996,110;
333,2971,999,76;
334,2979,1002,79;
335,2989,1005,108;
336,2999,1008,57;
337,3008,1011,99;
338,3016,1014,72;
339,3026,1017,44;
340,3035,1020,85;
341,3044,1023,57;
342,3052,1026,47;
343,3058,1029,35;
344,3068,1032,52;
345,3077,1035,44;
346,3089,1038,63;
347,3097,1041,110;
348,3109,1044,54;
349,3116,1047,92;
350,3126,1050,53;
351,3135,1053,52;
352,3143,1056,76;
353,3152,1059,65;
354,3156,1062,10;
355,3167,1065,46;
356,3176,1068,77;
357,3184,1071,41;
358,3193,1074,51;
359,3201,1077,68;
360,3214,1080,34;
361,3222,1083,54;
362,3234,1086,21;
363,3242,1089,32;
364,3252,1092,33;
365,3263,1095,43;
366,3269,1098,17;
367,3283,1101,71;
368,3295,1104,85;
369,3303,1107,99;
370,3311,1110,75;
371,3318,1113,14;
372,3326,1116,81;
373,3335,1119,108;
374,3344,1122,46;
375,3353,1125,18;
376,3361,1128,53;
377,3370,1131,71;
378,3379,1134,36;
379,3387,1137,54;
380,3397,1140,96;
381,3405,1143,125;
382,3414,1146,81;
383,3423,1149,73;
384,3434,1152,46;
385,3444,1155,16;
386,3456,1158,57;
387,3465,1161,64;
388,3476,1164,53;
389,3484,1167,72;
390,3496,1170,92;
391,3506,1173,40;
392,3514,1176,66;
393,3523,1179,30;
394,3533,1182,25;
395,3541,1185,99;
396,3550,1188,80;
397,3558,1191,111;
398,3564,1194,27;
399,3571,1197,24;
400,3588,1200,38;
401,3600,1203,49;
402,3608,1206,24;
403,3621,1209,82;
404,3631,1212,41;
405,3638,1215,36;
406,3647,1218,33;
407,3658,1221,134;
408,3666,1224,118;
409,3676,1227,66;
410,3685,1230,15;
411,3693,1233,95;
412,3701,1236,58;
413,3711,1239,55;
414,3724,1242,51;
415,3733,1245,63;
416,3741,1248,67;
417,3749,1251,71;
418,3758,1254,27;
419,3765,1257,63;
420,3774,1260,21;
421,3782,1263,41;
422,3794,1266,44;
423,3804,1269,95;
424,3812,1272,25;
425,3820,1275,11;
426,3828,1278,17;
427,3837,1281,0;
428,3850,1284,57;
429,3859,1287,97;
430,3869,1290,84;
431,3878,1293,74;
432,3886,1296,105;
433,3894,1299,9;
434,3901,1302,42;
435,3914,1305,32;
436,3921,1308,86;
437,3931,1311,45;
438,3941,1314,53;
439,3948,1317,24;
440,3956,1320,77;
441,3968,1323,57;
442,3977,1326,37;
443,3986,1329,23;
444,3993,1332,75;
445,4002,1335,76;
446,4013,1338,41;
447,4023,1341,14;
448,4032,1344,18;
449,4039,1347,108;
450,4048,1350,55;
451,4056,1353,8;
452,4062,1356,27;
453,4075,1359,62;
454,4085,1362,44;
455,4094,1365,109;
456,4102,1368,91;
457,4108,1371,30;
458,4114,1374,38;
459,4122,1377,27;
460,4133,1380,44;
461,4144,1383,39;
462,4152,1386,13;
463,4162,1389,78;
464,4171,1392,49;
465,4180,1395,61;
466,4188,1398,17;
467,4196,1401,54;
468,4205,1404,63;
469,4214,1407,52;
470,4220,1410,22;
471,4232,1413,44;
472,4240,1416,56;
473,4247,1419,64;
474,4257,1422,73;
475,4269,1425,58;
476,4279,1428,50;
477,4286,1431,90;
478,4294,1434,107;
479,4303,1437,58;
480,4312,1440,29;
481,4321,1443,46;
482,4333,1446,62;
483,4341,1449,87;
484,4350,1452,69;
485,4359,1455,65;
486,4369,1458,34;
487,4376,1461,77;
488,4386,1464,78;
489,4394,1467,89;
490,4405,1470,46;
491,4418,1473,44;
492,4426,1476,99;
493,4435,1479,73;
494,4444,1482,112;
495,4453,1485,44;
496,4460,1488,53;
497,4469,1491,146;
498,4478,1494,37;
499,4487,1497,66;
500,4494,1500,0;
501,4502,1503,12;
502,4508,1506,17;
503,4515,1509,48;
504,4525,1512,41;
505,4537,1515,60;
506,4545,1518,90;
507,4554,1521,54;
508,4561,1524,70;
509,4569,1527,62;
510,4584,1530,54;
511,4590,1533,46;
512,4597,1536,11;
513,4604,1539,8;
514,4619,1542,76;
515,4627,1545,50;
516,4639,1548,92;
517,4647,1551,99;
518,4657,1554,85;
519,4666,1557,78;
520,4674,1560,48;
521,4690,1563,21;
522,4698,1566,33;
523,4708,1569,96;
524,4716,1572,55;
525,4725,1575,86;
526,4734,1578,93;
527,4742,1581,94;
528,4750,1584,100;
529,4760,1587,49;
530,4768,1590,91;
531,4779,1593,29;
532,4785,1596,39;
533,4794,1599,55;
534,4804,1602,51;
535,4811,1605,57;
536,4820,1608,101;
537,4829,1611,131;
538,4841,1614,81;
539,4851,1617,93;
540,4860,1620,58;
541,4868,1623,13;
542,4874,1626,80;
543,4885,1629,65;
544,4894,1632,87;
545,4902,1635,86;
546,4908,1638,19;
547,4915,1641,44;
548,4927,1644,46;
549,4934,1647,70;
550,4942,1650,47;
551,4949,1653,5;
552,4956,1656,9;
553,4966,1659,59;
554,4975,1662,51;
555,4985,1665,68;
556,4994,1668,66;
557,5003,1671,67;
558,5012,1674,46;
559,5020,1677,75;
560,5030,1680,78;
561,5039,1683,94;
562,5048,1686,54;
563,5058,1689,76;
564,5073,1692,104;
565,5084,1695,48;
566,5092,1698,99;
567,5100,1701,55;
568,5108,1704,22;
569,5117,1707,36;
570,5125,1710,73;
571,5134,1713,132;
572,5143,1716,45;
573,5154,1719,74;
574,5165,1722,91;
575,5173,1725,68;
576,5183,1728,128;
577,5193,1731,104;
578,5201,1734,46;
579,5208,1737,19;
580,5217,1740,39;
581,5226,1743,45;
582,5235,1746,64;
583,5244,1749,83;
584,5255,1752,60;
585,5264,1755,78;
586,5276,1758,68;
587,5283,1761,56;
588,5290,1764,60;
589,5299,1767,111;
590,5309,1770,58;
591,5318,1773,40;
592,5327,1776,55;
593,5335,1779,67;
594,5343,1782,75;
595,5353,1785,63;
596,5362,1788,67;
597,5372,1791,84;
598,5380,1794,60;
599,5393,1797,19;
600,5400,1800,46;
601,5408,1803,21;
602,5417,1806,53;
603,5426,1809,88;
604,5436,1812,96;
605,5446,1815,75;
606,5454,1818,55;
607,5461,1821,35;
608,5468,1824,23;
609,5477,1827,113;
610,5486,1830,61;
611,5494,1833,43;
612,5503,1836,7;
613,5510,1839,38;
614,5520,1842,69;
615,5530,1845,60;
616,5541,1848,74;
617,5550,1851,55;
618,5559,1854,61;
619,5567,1857,102;
620,5577,1860,113;
621,5587,1863,46;
622,5596,1866,25;
623,5604,1869,78;
624,5617,1872,28;
625,5628,1875,61;
626,5636,1878,104;
627,5645,1881,83;
628,5654,1884,51;
629,5664,1887,60;
630,5672,1890,150;
631,5681,1893,33;
632,5693,1896,49;
633,5706,1899,99;
634,5714,1902,77;
635,5723,1905,40;
636,5730,1908,61;
637,5740,1911,59;
638,5749,1914,96;
639,5757,1917,64;
640,5766,1920,118;
641,5777,1923,28;
642,5784,1926,12;
643,5795,1929,22;
644,5806,1932,17;
645,5819,1935,84;
646,5830,1938,131;
647,5837,1941,43;
648,5845,1944,58;
649,5853,1947,110;
650,5862,1950,67;
651,5871,1953,62;
652,5884,1956,52;
653,5892,1959,22;
654,5898,1962,28;
655,5906,1965,66;
656,5914,1968,112;
657,5924,1971,196;
658,5933,1974,69;
659,5942,1977,68;
660,5951,1980,81;
661,5960,1983,81;
662,5968,1986,57;
663,5974,1989,25;
664,5980,1992,21;
665,5992,1995,66;
666,6000,1998,92;
667,6009,2001,92;
668,6019,2004,54;
669,6027,2007,53;
670,6037,2010,115;
671,6046,2013,88;
672,6054,2016,22;
673,6062,2019,27;
674,6069,2022,32;
675,6083,2025,102;
676,6092,2028,79;
677,6101,2031,100;
678,6111,2034,133;
679,6122,2037,54;
680,6130,2040,73;
681,6139,2043,81;
682,6148,2046,87;
683,6161,2049,72;
684,6170,2052,103;
685,6179,2055,89;
686,6186,2058,41;
687,6198,2061,82;
688,6206,2064,89;
689,6217,2067,71;
690,6226,2070,81;
691,6235,2073,47;
692,6242,2076,55;
693,6249,2079,18;
694,6259,2082,113;
695,6267,2085,47;
696,6275,2088,75;
697,6287,2091,85;
698,6296,2094,35;
699,6305,2097,75;
700,6314,2100,48;
701,6322,2103,81;
702,6332,2106,62;
703,6340,2109,31;
704,6347,2112,38;
705,6355,2115,14;
706,6373,2118,118;
707,6381,2121,66;
708,6390,2124,85;
709,6399,2127,108;
710,6407,2130,36;
711,6418,2133,64;
712,6426,2136,39;
713,6435,2139,33;
714,6445,2142,55;
715,6453,2145,19;
716,6463,2148,76;
717,6473,2151,60;
718,6483,2154,57;
719,6491,2157,112;
720,6498,2160,71;
721,6506,2163,50;
722,6517,2166,28;
723,6525,2169,63;
724,6534,2172,31;
725,6544,2175,7;
726,6554,2178,27;
727,6562,2181,62;
728,6566,2184,0;
729,6571,2187,0;
730,6577,2190,25;
731,6586,2193,16;
732,6595,2196,45;
733,6602,2199,52;
734,6612,2202,67;
735,6622,2205,89;
736,6633,2208,82;
737,6640,2211,149;
738,6645,2214,3;
739,6657,2217,39;
740,6666,2220,89;
741,6674,2223,109;
742,6683,2226,114;
743,6694,2229,106;
744,6703,2232,96;
745,6711,2235,92;
746,6716,2238,40;
747,6733,2241,87;
748,6742,2244,110;
749,6750,2247,62;
750,6760,2250,94;
751,6770,2253,67;
752,6780,2256,69;
753,6790,2259,4;
754,6799,2262,39;
755,6807,2265,66;
756,6817,2268,67;
757,6826,2271,69;
758,6834,2274,74;
759,6844,2277,112;
760,6853,2280,101;
761,6861,2283,96;
762,6871,2286,57;
763,6885,2289,61;
764,6894,2292,67;
765,6902,2295,64;
766,6912,2298,77;
767,6923,2301,95;
768,6930,2304,37;
769,6941,2307,93;
770,6951,2310,108;
771,6959,2313,66;
772,6971,2316,69;
773,6980,2319,41;
774,6989,2322,127;
775,6995,2325,78;
776,7007,2328,114;
777,7015,2331,132;
778,7022,2334,79;
779,7029,2337,74;
780,7038,2340,60;
781,7047,2343,95;
782,7055,2346,30;
783,7061,2349,3;
784,7070,2352,50;
785,7078,2355,83;
786,7088,2358,55;
787,7097,2361,55;
788,7103,2364,2;
789,7112,2367,48;
790,7122,2370,65;
791,7135,2373,94;
792,7144,2376,49;
793,7153,2379,71;
794,7162,2382,76;
795,7177,2385,44;
796,7187,2388,100;
797,7195,2391,101;
798,7203,2394,71;
799,7211,2397,98;
800,7219,2400,51;
801,7229,2403,90;
802,7237,2406,64;
803,7244,2409,67;
804,7253,2412,51;
805,7264,2415,33;
806,7275,2418,64;
807,7283,2421,63;
808,7292,2424,110;
809,7299,2427,58;
810,7309,2430,66;
811,7318,2433,86;
812,7326,2436,69;
813,7333,2439,8;
814,7342,2442,0;
815,7351,2445,68;
816,7361,2448,119;
817,7369,2451,75;
818,7376,2454,61;
819,7386,2457,39;
820,7394,2460,116;
821,7403,2463,64;
822,7415,2466,63;
823,7423,2469,64;
824,7433,2472,89;
825,7442,2475,93;
826,7450,2478,33;
827,7457,2481,73;
828,7466,2484,115;
829,7475,2487,90;
830,7484,2490,90;
831,7492,2493,70;
832,7498,2496,13;
833,7508,2499,7;
834,7515,2502,51;
835,7525,2505,58;
836,7531,2508,66;
837,7542,2511,77;
838,7549,2514,90;
839,7558,2517,74;
840,7573,2520,53;
841,7580,2523,75;
842,7590,2526,68;
843,7599,2529,30;
844,7605,2532,19;
845,7613,2535,104;
846,7621,2538,49;
847,7632,2541,86;
848,7640,2544,93;
849,7647,2547,44;
850,7658,2550,36;
851,7668,2553,108;
852,7676,2556,70;
853,7685,2559,40;
854,7693,2562,25;
855,7700,2565,5;
856,7713,2568,57;
857,7722,2571,72;
858,7731,2574,91;
859,7739,2577,46;
860,7747,2580,43;
861,7757,2583,29;
862,7765,2586,82;
863,7773,2589,143;
864,7780,2592,38;
865,7790,2595,81;
866,7798,2598,69;
867,7807,2601,51;
868,7817,2604,20;
869,7826,2607,95;
870,7834,2610,73;
871,7844,2613,55;
872,7852,2616,50;
873,7860,2619,64;
874,7870,2622,30;
875,7880,2625,43;
876,7887,2628,77;
877,7895,2631,43;
878,7901,2634,77;
879,7912,2637,69;
880,7921,2640,80;
881,7933,2643,40;
882,7941,2646,74;
883,7951,2649,119;
884,7961,2652,33;
885,7970,2655,33;
886,7978,2658,80;
887,7987,2661,76;
888,7996,2664,85;
889,8006,2667,101;
890,8014,2670,113;
891,8022,2673,53;
892,8033,2676,40;
893,8043,2679,31;
894,8051,2682,117;
895,8061,2685,58;
896,8069,2688,24;
897,8077,2691,63;
898,8086,2694,97;
899,8095,2697,73;
900,8102,2700,70;
901,8115,2703,82;
902,8124,2706,19;
903,8133,2709,40;
904,8143,2712,49;
905,8153,2715,76;
906,8161,2718,48;
907,8170,2721,38;
908,8181,2724,67;
909,8189,2727,60;
910,8200,2730,91;
911,8208,2733,33;
912,8215,2736,18;
913,8223,2739,49;
914,8231,2742,61;
915,8242,2745,52;
916,8249,2748,70;
917,8260,2751,78;
918,8268,2754,114;
919,8277,2757,49;
920,8283,2760,57;
921,8296,2763,85;
922,8304,2766,20;
923,8314,2769,35;
924,8321,2772,29;
925,8327,2775,15;
926,8337,2778,67;
927,8345,2781,57;
928,8353,2784,45;
929,8361,2787,19;
930,8370,2790,54;
931,8376,2793,29;
932,8386,2796,57;
933,8395,2799,54;
934,8404,2802,83;
935,8413,2805,42;
936,8420,2808,19;
937,8430,2811,40;
938,8438,2814,53;
939,8447,2817,37;
940,8454,2820,24;
941,8463,2823,76;
942,8472,2826,48;
943,8478,2829,42;
944,8488,2832,92;
945,8497,2835,58;
946,8507,2838,105;
947,8514,2841,8;
948,8521,2844,23;
949,8530,2847,17;
950,8538,2850,105;
951,8547,2853,53;
952,8555,2856,78;
953,8568,2859,83;
954,8576,2862,76;
955,8585,2865,47;
956,8594,2868,61;
957,8606,2871,71;
958,8614,2874,17;
959,8623,2877,17;
960,8633,2880,51;
961,8642,2883,69;
962,8650,2886,76;
963,8659,2889,96;
964,8670,2892,51;
965,8679,2895,64;
966,8687,2898,55;
967,8696,2901,93;
968,8705,2904,49;
969,8717,2907,65;
970,8725,2910,42;
971,8733,2913,78;
972,8742,2916,71;
973,8750,2919,76;
974,8758,2922,97;
975,8767,2925,97;
976,8778,2928,104;
977,8786,2931,23;
978,8801,2934,48;
979,8811,2937,36;
980,8821,2940,59;
981,8830,2943,79;
982,8838,2946,96;
983,8846,2949,82;
984,8854,2952,65;
985,8863,2955,96;
986,8870,2958,39;
987,8876,2961,40;
988,8884,2964,24;
989,8890,2967,23;
990,8897,2970,6;
991,8903,2973,20;
992,8909,2976,44;
993,8913,2979,10;
994,8920,2982,18;
995,8927,2985,16;
996,8932,2988,0;
997,8939,2991,53;
998,8947,2994,49;
999,8953,2997,21;
1000,8960,3000,39;
