12 5 13 5 1667967073230 15 5 16 5 1667967073231 0
35 25 38 35 1667967073333 36 25 38 35 1667967073339 0
52 44 53 44 1667967073402 55 44 56 44 1667967073420 0
68 59 69 60 1667967073476 69 59 69 60 1667967073481 0
93 84 103 85 1667967073578 94 84 103 85 1667967073588 0
115 108 123 107 1667967073654 116 108 123 107 1667967073661 0
128 119 137 112 1667967073695 131 121 138 115 1667967073699 0
149 133 158 133 1667967073717 150 133 158 133 1667967073718 0
164 147 163 149 1667967073761 167 150 163 149 1667967073778 0
183 166 175 168 1667967073824 186 169 175 168 1667967073837 0
215 206 216 215 1667967073940 218 206 216 218 1667967073951 0
233 225 235 233 1667967074100 236 225 235 236 1667967074106 0
251 242 252 252 1667967074183 252 242 252 252 1667967074192 0
271 270 265 272 1667967074240 272 270 265 272 1667967074244 0
290 289 276 290 1667967074280 291 289 276 290 1667967074289 0
312 312 305 303 1667967074370 313 312 305 303 1667967074370 0
335 342 328 328 1667967074477 336 342 328 328 1667967074493 0
348 348 342 340 1667967074509 351 348 342 343 1667967074520 0
373 374 365 373 1667967074573 378 374 371 378 1667967074581 0
391 390 385 391 1667967074642 398 395 391 398 1667967074674 0
415 413 408 417 1667967074749 418 413 411 417 1667967074775 0
438 445 432 437 1667967074892 439 445 432 437 1667967074897 0
458 465 451 459 1667967074979 459 465 451 459 1667967074980 0
471 470 465 471 1667967075019 474 473 465 472 1667967075021 0
495 503 488 486 1667967075069 496 503 488 486 1667967075073 0
515 523 508 506 1667967075171 516 523 508 506 1667967075177 0
530 537 513 523 1667967075239 531 537 513 523 1667967075243 0
550 557 536 540 1667967075289 551 557 536 540 1667967075291 0
568 569 563 562 1667967075358 569 569 563 562 1667967075364 0
589 588 581 572 1667967075392 592 591 581 572 1667967075405 0
607 606 601 591 1667967075456 608 606 601 591 1667967075460 0
622 614 623 599 1667967075499 623 614 623 599 1667967075499 0
644 635 646 619 1667967075577 647 637 647 623 1667967075615 0
667 659 669 651 1667967075684 670 659 669 654 1667967075708 0
686 671 687 670 1667967075737 689 671 687 673 1667967075754 0
704 688 706 688 1667967075795 705 688 706 688 1667967075801 0
723 706 725 698 1667967075850 724 706 725 698 1667967075855 0
736 711 737 713 1667967075896 741 716 739 716 1667967075914 0
763 737 766 747 1667967076016 764 737 766 747 1667967076028 0
783 758 786 767 1667967076111 784 758 786 767 1667967076111 0
801 774 804 785 1667967076193 804 774 804 788 1667967076200 0
821 796 823 804 1667967076272 822 796 823 804 1667967076276 0
840 815 841 817 1667967076334 843 818 841 817 1667967076351 0
860 835 860 837 1667967076413 861 835 860 837 1667967076419 0
878 844 887 856 1667967076492 879 844 887 856 1667967076497 0
903 872 912 887 1667967076559 904 872 912 887 1667967076563 0
923 892 931 907 1667967076667 926 892 931 910 1667967076682 0
952 929 968 944 1667967076851 955 929 968 947 1667967076864 0
972 947 991 964 1667967076943 973 947 991 964 1667967076953 0
997 982 1024 999 1667967077069 1000 983 1024 999 1667967077077 0
1016 1000 1034 1016 1667967077123 1021 1002 1034 1019 1667967077135 0
1038 1023 1054 1038 1667967077220 1041 1023 1054 1041 1667967077225 0
1059 1050 1077 1059 1667967077301 1060 1050 1077 1059 1667967077310 0
1078 1063 1095 1078 1667967077358 1079 1063 1095 1078 1667967077363 0
1098 1083 1115 1098 1667967077463 1099 1083 1115 1098 1667967077468 0
1118 1103 1134 1118 1667967077552 1121 1103 1134 1121 1667967077583 0
1144 1135 1170 1143 1667967077684 1145 1135 1170 1143 1667967077686 0
1160 1151 1185 1160 1667967077733 1163 1152 1188 1160 1667967077738 0
1182 1174 1208 1182 1667967077828 1183 1174 1208 1182 1667967077831 0
1197 1180 1223 1197 1667967077849 1202 1180 1227 1202 1667967077874 0
1219 1202 1245 1219 1667967077920 1220 1202 1245 1219 1667967077941 0
1233 1209 1258 1224 1667967077968 1236 1209 1261 1224 1667967077975 0
1250 1224 1275 1236 1667967078018 1251 1224 1275 1236 1667967078021 0
1271 1247 1297 1263 1667967078098 1276 1249 1297 1266 1667967078118 0
1296 1279 1322 1286 1667967078199 1297 1279 1322 1286 1667967078202 0
1311 1287 1344 1296 1667967078222 1312 1287 1344 1296 1667967078228 0
1329 1297 1362 1305 1667967078288 1332 1297 1365 1305 1667967078302 0
1349 1317 1382 1324 1667967078399 1352 1317 1385 1324 1667967078411 0
1372 1338 1407 1356 1667967078551 1375 1338 1407 1359 1667967078559 0
1392 1358 1427 1376 1667967078675 1393 1358 1427 1376 1667967078692 0
1422 1398 1464 1422 1667967078802 1427 1398 1468 1427 1667967078815 0
1442 1418 1483 1441 1667967078859 1445 1419 1485 1445 1667967078880 0
1462 1438 1503 1463 1667967078966 1465 1438 1505 1465 1667967078980 0
1482 1458 1523 1481 1667967079059 1487 1459 1528 1487 1667967079079 0
1502 1478 1544 1502 1667967079138 1503 1478 1544 1502 1667967079146 0
1523 1499 1572 1524 1667967079204 1524 1499 1572 1524 1667967079212 0
1537 1506 1580 1539 1667967079227 1542 1509 1580 1541 1667967079242 0
1562 1530 1604 1570 1667967079381 1563 1530 1604 1570 1667967079388 0
1581 1548 1616 1589 1667967079440 1582 1548 1616 1589 1667967079448 0
1594 1563 1629 1596 1667967079495 1595 1563 1629 1596 1667967079514 0
1605 1566 1632 1599 1667967079529 1608 1566 1632 1600 1667967079561 0
1624 1576 1649 1617 1667967079615 1625 1576 1649 1617 1667967079620 0
1638 1589 1654 1623 1667967079633 1639 1589 1654 1623 1667967079641 0
1655 1599 1672 1638 1667967079679 1656 1599 1672 1638 1667967079679 0
1671 1614 1679 1646 1667967079710 1674 1617 1679 1646 1667967079728 0
1689 1632 1699 1665 1667967079809 1690 1632 1699 1665 1667967079811 0
1711 1656 1719 1687 1667967079912 1712 1656 1719 1687 1667967079930 0
1731 1676 1739 1707 1667967080028 1732 1676 1739 1707 1667967080035 0
1751 1696 1760 1727 1667967080122 1752 1696 1760 1727 1667967080127 0
1771 1716 1780 1747 1667967080223 1772 1716 1780 1747 1667967080229 0
1791 1736 1799 1767 1667967080324 1792 1736 1799 1767 1667967080331 0
1812 1756 1829 1789 1667967080456 1813 1756 1829 1789 1667967080459 0
1834 1776 1853 1810 1667967080578 1837 1776 1853 1813 1667967080588 0
1852 1796 1870 1828 1667967080670 1855 1796 1872 1830 1667967080672 0
1877 1828 1893 1854 1667967080712 1878 1828 1893 1854 1667967080732 0
1900 1853 1916 1884 1667967080859 1903 1853 1916 1887 1667967080934 0
1918 1869 1934 1900 1667967080988 1919 1869 1934 1900 1667967080992 0
1930 1881 1940 1907 1667967081024 1933 1884 1940 1907 1667967081027 0
1944 1897 1947 1914 1667967081046 1945 1897 1947 1914 1667967081058 0
1965 1916 1959 1933 1667967081127 1966 1916 1959 1933 1667967081137 0
1985 1930 1978 1961 1667967081193 1988 1930 1978 1964 1667967081235 0
2003 1945 1998 1979 1667967081283 2006 1949 1998 1980 1667967081290 0
2037 1988 2047 2020 1667967081379 2040 1991 2047 2020 1667967081396 0
2055 2006 2064 2040 1667967081494 2056 2006 2064 2040 1667967081494 0
2074 2025 2076 2058 1667967081546 2075 2025 2076 2058 1667967081551 0
2094 2045 2096 2077 1667967081629 2095 2045 2096 2077 1667967081635 0
2107 2051 2108 2092 1667967081656 2112 2055 2110 2096 1667967081670 0
2128 2073 2120 2112 1667967081719 2131 2073 2120 2115 1667967081745 0
2148 2093 2140 2132 1667967081843 2149 2093 2140 2132 1667967081866 0
2166 2110 2160 2150 1667967081956 2171 2114 2160 2154 1667967081971 0
2188 2131 2180 2173 1667967082084 2189 2131 2180 2173 1667967082087 0
2214 2156 2217 2206 1667967082194 2215 2156 2217 2206 1667967082197 0
2232 2177 2232 2224 1667967082253 2235 2177 2232 2227 1667967082264 0
2249 2193 2243 2241 1667967082332 2252 2193 2243 2244 1667967082341 0
2268 2203 2261 2260 1667967082400 2269 2203 2261 2260 1667967082404 0
2286 2220 2287 2272 1667967082438 2287 2220 2287 2272 1667967082438 0
2305 2232 2306 2291 1667967082483 2306 2232 2306 2291 1667967082486 0
2328 2263 2329 2313 1667967082570 2329 2263 2329 2313 1667967082570 0
2343 2271 2345 2327 1667967082640 2344 2271 2345 2327 1667967082640 0
2360 2288 2354 2344 1667967082668 2361 2288 2354 2344 1667967082673 0
2385 2313 2386 2369 1667967082802 2386 2313 2386 2369 1667967082819 0
2404 2331 2406 2396 1667967082884 2405 2331 2406 2396 1667967082888 0
2426 2353 2428 2416 1667967082974 2431 2356 2429 2421 1667967083010 0
2448 2377 2448 2440 1667967083076 2451 2377 2448 2443 1667967083089 0
2474 2411 2475 2474 1667967083187 2477 2411 2475 2477 1667967083201 0
2497 2431 2506 2499 1667967083366 2498 2431 2506 2499 1667967083369 0
2515 2451 2524 2516 1667967083473 2518 2451 2527 2516 1667967083475 0
2535 2468 2546 2535 1667967083586 2536 2468 2546 2535 1667967083591 0
2552 2487 2560 2545 1667967083695 2553 2487 2560 2545 1667967083705 0
2574 2510 2583 2565 1667967083835 2575 2510 2583 2565 1667967083859 0
2604 2548 2622 2612 1667967084015 2607 2548 2622 2615 1667967084031 0
2626 2568 2643 2636 1667967084109 2627 2568 2643 2636 1667967084133 0
2646 2589 2663 2656 1667967084183 2647 2589 2663 2656 1667967084189 0
2661 2605 2671 2669 1667967084238 2662 2605 2671 2669 1667967084241 0
2678 2621 2686 2679 1667967084279 2681 2622 2690 2680 1667967084286 0
2695 2631 2704 2696 1667967084353 2696 2631 2704 2696 1667967084353 0
2707 2642 2709 2700 1667967084367 2708 2642 2709 2700 1667967084367 0
2724 2652 2726 2716 1667967084403 2725 2652 2726 2716 1667967084405 0
2738 2665 2732 2723 1667967084429 2741 2667 2732 2725 1667967084438 0
2765 2694 2757 2757 1667967084561 2766 2694 2757 2757 1667967084579 0
2782 2709 2776 2765 1667967084623 2783 2709 2776 2765 1667967084627 0
2802 2729 2796 2785 1667967084723 2803 2729 2796 2785 1667967084728 0
2820 2747 2814 2802 1667967084776 2823 2750 2814 2802 1667967084782 0
2839 2766 2833 2814 1667967084861 2842 2769 2833 2814 1667967084868 0
2859 2786 2853 2834 1667967084949 2860 2786 2853 2834 1667967084966 0
2880 2806 2875 2864 1667967085073 2883 2806 2875 2867 1667967085086 0
2902 2829 2894 2887 1667967085178 2903 2829 2894 2887 1667967085193 0
2919 2837 2912 2901 1667967085279 2922 2837 2914 2906 1667967085308 0
2937 2858 2929 2921 1667967085385 2940 2858 2933 2923 1667967085401 0
2957 2877 2951 2941 1667967085468 2960 2877 2951 2944 1667967085477 0
2979 2897 2972 2965 1667967085554 2980 2897 2972 2965 1667967085558 0
2997 2917 2990 2982 1667967085606 2998 2917 2990 2982 1667967085611 0
3016 2937 3000 3000 1667967085660 3019 2937 3000 3003 1667967085702 0
3034 2952 3019 3016 1667967085776 3035 2952 3019 3016 1667967085778 0
3056 2975 3042 3040 1667967085863 3057 2975 3042 3040 1667967085863 0
3076 2995 3062 3060 1667967085939 3079 2998 3062 3060 1667967085954 0
3097 3018 3081 3089 1667967086085 3100 3018 3084 3089 1667967086105 0
3119 3037 3106 3111 1667967086187 3120 3037 3106 3111 1667967086194 0
3139 3057 3126 3131 1667967086280 3140 3057 3126 3131 1667967086284 0
3162 3087 3147 3154 1667967086348 3163 3087 3147 3154 1667967086400 0
3175 3094 3160 3168 1667967086425 3180 3098 3165 3168 1667967086431 0
3202 3129 3187 3195 1667967086509 3205 3132 3187 3195 1667967086525 0
3220 3147 3206 3211 1667967086561 3223 3149 3207 3215 1667967086572 0
3237 3157 3223 3229 1667967086615 3238 3157 3223 3229 1667967086617 0
3260 3187 3246 3251 1667967086689 3261 3187 3246 3251 1667967086696 0
3274 3194 3259 3257 1667967086731 3275 3194 3259 3257 1667967086736 0
3296 3214 3281 3282 1667967086821 3299 3214 3284 3282 1667967086826 0
3316 3234 3301 3302 1667967086947 3319 3234 3304 3302 1667967086965 0
3336 3254 3321 3322 1667967087082 3337 3254 3321 3322 1667967087084 0
3366 3295 3358 3366 1667967087195 3367 3295 3358 3366 1667967087198 0
3388 3323 3382 3379 1667967087272 3389 3323 3382 3379 1667967087272 0
3404 3339 3397 3396 1667967087317 3407 3342 3397 3396 1667967087328 0
3426 3359 3421 3418 1667967087390 3427 3359 3421 3418 1667967087392 0
3447 3382 3448 3440 1667967087462 3450 3382 3451 3440 1667967087465 0
3466 3394 3468 3458 1667967087490 3467 3394 3468 3458 1667967087490 0
3486 3415 3486 3478 1667967087528 3491 3415 3492 3483 1667967087556 0
3507 3435 3507 3500 1667967087662 3511 3436 3512 3500 1667967087679 0
3528 3456 3529 3520 1667967087743 3529 3456 3529 3520 1667967087743 0
3543 3470 3537 3534 1667967087776 3544 3470 3537 3534 1667967087781 0
3565 3492 3558 3558 1667967087910 3568 3495 3558 3558 1667967087953 0
3585 3512 3578 3578 1667967088070 3586 3512 3578 3578 1667967088071 0
3605 3532 3598 3598 1667967088184 3608 3535 3598 3598 1667967088213 0
3631 3559 3632 3631 1667967088320 3632 3559 3632 3631 1667967088332 0
3647 3575 3640 3655 1667967088383 3648 3575 3640 3655 1667967088386 0
3671 3598 3663 3680 1667967088470 3672 3598 3663 3680 1667967088480 0
3686 3607 3678 3694 1667967088527 3687 3607 3678 3694 1667967088527 0
3708 3626 3703 3716 1667967088614 3711 3626 3703 3719 1667967088637 0
3724 3644 3718 3732 1667967088696 3727 3644 3718 3735 1667967088704 0
3741 3660 3727 3750 1667967088736 3742 3660 3727 3750 1667967088739 0
3757 3676 3735 3756 1667967088767 3758 3676 3735 3756 1667967088769 0
3773 3685 3750 3765 1667967088810 3776 3685 3753 3765 1667967088824 0
3794 3703 3773 3794 1667967088874 3795 3703 3773 3794 1667967088885 0
3813 3716 3798 3807 1667967088942 3816 3716 3801 3807 1667967088959 0
3831 3732 3816 3825 1667967089014 3834 3732 3819 3825 1667967089024 0
3850 3744 3835 3844 1667967089089 3851 3744 3835 3844 1667967089089 0
3875 3778 3868 3876 1667967089240 3876 3778 3868 3876 1667967089240 0
3896 3800 3889 3888 1667967089297 3899 3800 3892 3888 1667967089309 0
3914 3816 3907 3908 1667967089361 3915 3816 3907 3908 1667967089361 0
3932 3836 3925 3925 1667967089415 3933 3836 3925 3925 1667967089419 0
3956 3858 3951 3948 1667967089509 3957 3858 3951 3948 1667967089509 0
3979 3890 3971 3972 1667967089672 3980 3890 3971 3972 1667967089692 0
3996 3898 3991 3988 1667967089766 3997 3898 3991 3988 1667967089773 0
4013 3917 4006 3996 1667967089855 4014 3917 4006 3996 1667967089862 0
4029 3932 4022 4013 1667967089908 4030 3932 4022 4013 1667967089908 0
4052 3963 4045 4036 1667967089955 4055 3963 4048 4036 1667967089964 0
4070 3973 4063 4048 1667967090019 4073 3973 4066 4048 1667967090044 0
4090 3992 4083 4068 1667967090217 4091 3992 4083 4068 1667967090217 0
4103 4007 4089 4079 1667967090306 4104 4007 4089 4079 1667967090316 0
4119 4013 4104 4089 1667967090356 4120 4013 4104 4089 1667967090365 0
4139 4034 4124 4108 1667967090466 4140 4034 4124 4108 1667967090470 0
4159 4054 4143 4128 1667967090514 4160 4054 4143 4128 1667967090518 0
4181 4070 4166 4157 1667967090594 4182 4070 4166 4157 1667967090601 0
4196 4083 4180 4165 1667967090654 4197 4083 4180 4165 1667967090664 0
4215 4102 4192 4184 1667967090690 4216 4102 4192 4184 1667967090696 0
4230 4107 4209 4198 1667967090741 4231 4107 4209 4198 1667967090743 0
4242 4114 4219 4203 1667967090758 4245 4116 4220 4203 1667967090768 0
4261 4131 4238 4215 1667967090805 4266 4137 4242 4215 1667967090830 0
4281 4152 4258 4234 1667967090870 4282 4152 4258 4234 1667967090875 0
4293 4158 4264 4247 1667967090901 4300 4161 4269 4252 1667967090933 0
4315 4176 4286 4267 1667967090973 4318 4176 4286 4270 1667967090987 0
4332 4185 4303 4284 1667967091057 4335 4190 4303 4285 1667967091071 0
4350 4206 4320 4302 1667967091123 4351 4206 4320 4302 1667967091125 0
4374 4231 4342 4326 1667967091252 4377 4231 4342 4329 1667967091257 0
4394 4251 4362 4346 1667967091365 4395 4251 4362 4346 1667967091367 0
4415 4271 4392 4366 1667967091431 4416 4271 4392 4366 1667967091434 0
4430 4286 4400 4382 1667967091480 4431 4286 4400 4382 1667967091485 0
4448 4294 4417 4392 1667967091521 4451 4294 4420 4392 1667967091577 0
4466 4314 4435 4411 1667967091628 4471 4314 4440 4415 1667967091666 0
4486 4332 4457 4430 1667967091717 4489 4336 4457 4431 1667967091743 0
4508 4357 4476 4452 1667967091791 4509 4357 4476 4452 1667967091811 0
4534 4389 4511 4479 1667967091902 4535 4389 4511 4479 1667967091907 0
4554 4409 4531 4499 1667967091968 4555 4409 4531 4499 1667967091973 0
4569 4417 4547 4513 1667967092054 4574 4417 4549 4516 1667967092073 0
4589 4437 4566 4532 1667967092134 4590 4437 4566 4532 1667967092138 0
4604 4452 4581 4541 1667967092168 4605 4452 4581 4541 1667967092168 0
4621 4468 4590 4557 1667967092192 4624 4471 4590 4557 1667967092199 0
4663 4534 4647 4608 1667967092408 4664 4534 4647 4608 1667967092419 0
4678 4542 4664 4622 1667967092523 4681 4542 4664 4625 1667967092544 0
4697 4560 4676 4641 1667967092607 4698 4560 4676 4641 1667967092614 0
4717 4579 4696 4661 1667967092727 4720 4579 4696 4664 1667967092739 0
4737 4600 4716 4681 1667967092896 4740 4600 4716 4684 1667967092932 0
4757 4619 4736 4701 1667967093072 4758 4619 4736 4701 1667967093072 0
4777 4639 4756 4721 1667967093293 4778 4639 4756 4721 1667967093302 0
4800 4671 4776 4743 1667967093423 4803 4674 4776 4743 1667967093437 0
4820 4691 4798 4763 1667967093478 4821 4691 4798 4763 1667967093482 0
4840 4711 4818 4783 1667967093549 4841 4711 4818 4783 1667967093551 0
4860 4731 4838 4804 1667967093646 4861 4731 4838 4804 1667967093650 0
4880 4751 4857 4825 1667967093765 4883 4754 4857 4825 1667967093771 0
4900 4771 4876 4845 1667967093885 4901 4771 4876 4845 1667967093897 0
4918 4789 4896 4861 1667967093958 4919 4789 4896 4861 1667967093958 0
4937 4800 4916 4881 1667967093988 4938 4800 4916 4881 1667967093992 0
4955 4819 4931 4899 1667967094064 4956 4819 4931 4899 1667967094090 0
4986 4856 4971 4940 1667967094284 4989 4856 4974 4940 1667967094294 0
5006 4876 4991 4960 1667967094415 5007 4876 4991 4960 1667967094429 0
5022 4893 5007 4975 1667967094465 5025 4896 5008 4975 1667967094474 0
5040 4911 5018 4984 1667967094495 5041 4911 5018 4984 1667967094497 0
5060 4931 5037 5005 1667967094557 5063 4934 5037 5005 1667967094577 0
5080 4951 5058 5024 1667967094648 5081 4951 5058 5024 1667967094669 0
5106 4976 5091 5060 1667967094828 5109 4976 5094 5060 1667967094882 0
5126 4998 5111 5078 1667967094925 5129 4998 5114 5078 1667967094938 0
5142 5013 5127 5094 1667967094972 5143 5013 5127 5094 1667967094976 0
5166 5038 5151 5117 1667967095042 5167 5038 5151 5117 1667967095068 0
5184 5054 5163 5144 1667967095109 5185 5054 5163 5144 1667967095122 0
5207 5086 5182 5168 1667967095189 5210 5087 5187 5169 1667967095196 0
5227 5106 5203 5188 1667967095252 5228 5106 5203 5188 1667967095252 0
5246 5125 5214 5207 1667967095322 5247 5125 5214 5207 1667967095341 0
5263 5134 5234 5223 1667967095424 5264 5134 5234 5223 1667967095428 0
5278 5148 5247 5232 1667967095501 5283 5152 5250 5232 1667967095508 0
5301 5173 5271 5261 1667967095610 5304 5173 5273 5263 1667967095647 0
5323 5196 5292 5283 1667967095711 5324 5196 5292 5283 1667967095716 0
5338 5209 5308 5289 1667967095749 5339 5209 5308 5289 1667967095761 0
5355 5226 5325 5298 1667967095808 5356 5226 5325 5298 1667967095811 0
5369 5231 5338 5307 1667967095823 5370 5231 5338 5307 1667967095825 0
5388 5251 5350 5324 1667967095865 5389 5251 5350 5324 1667967095873 0
5406 5269 5367 5343 1667967095969 5409 5270 5370 5343 1667967095981 0
5431 5296 5391 5375 1667967096115 5432 5296 5391 5375 1667967096119 0
5448 5311 5410 5383 1667967096208 5449 5311 5410 5383 1667967096208 0
5471 5336 5431 5415 1667967096392 5472 5336 5431 5415 1667967096395 0
5491 5356 5451 5435 1667967096483 5492 5356 5451 5435 1667967096484 0
5511 5376 5471 5455 1667967096594 5514 5376 5471 5458 1667967096616 0
5531 5396 5491 5475 1667967096703 5532 5396 5491 5475 1667967096703 0
5546 5409 5506 5483 1667967096772 5549 5409 5509 5484 1667967096778 0
5566 5429 5527 5503 1667967096844 5567 5429 5527 5503 1667967096852 0
5578 5435 5533 5516 1667967096874 5583 5435 5536 5519 1667967096888 0
5602 5457 5556 5537 1667967096937 5603 5457 5556 5537 1667967096942 0
5620 5475 5573 5557 1667967097023 5621 5475 5573 5557 1667967097023 0
5637 5484 5590 5572 1667967097051 5640 5485 5592 5576 1667967097055 0
5655 5502 5608 5592 1667967097139 5656 5502 5608 5592 1667967097144 0
5676 5523 5630 5603 1667967097257 5677 5523 5630 5603 1667967097259 0
5691 5531 5644 5620 1667967097322 5696 5531 5649 5624 1667967097337 0
5713 5552 5668 5641 1667967097455 5716 5552 5668 5644 1667967097465 0
5733 5574 5686 5661 1667967097552 5734 5574 5686 5661 1667967097555 0
5751 5591 5705 5679 1667967097644 5752 5591 5705 5679 1667967097660 0
5770 5609 5724 5690 1667967097712 5773 5612 5724 5690 1667967097739 0
5790 5629 5744 5709 1667967097814 5791 5629 5744 5709 1667967097821 0
5805 5634 5758 5727 1667967097854 5808 5634 5761 5727 1667967097871 0
5830 5661 5782 5759 1667967097940 5831 5661 5782 5759 1667967097951 0
5847 5672 5800 5775 1667967097994 5848 5672 5800 5775 1667967097994 0
5867 5692 5819 5795 1667967098107 5868 5692 5819 5795 1667967098112 0
5887 5712 5839 5815 1667967098230 5888 5712 5839 5815 1667967098235 0
5904 5727 5858 5823 1667967098330 5905 5727 5858 5823 1667967098332 0
5919 5735 5872 5838 1667967098403 5920 5735 5872 5838 1667967098409 0
5941 5755 5896 5861 1667967098559 5944 5755 5896 5864 1667967098564 0
5961 5775 5916 5881 1667967098670 5964 5775 5916 5884 1667967098693 0
5993 5824 5954 5922 1667967098803 5994 5824 5954 5922 1667967098817 0
6013 5844 5973 5942 1667967098878 6016 5847 5973 5942 1667967098902 0
6036 5868 6005 5963 1667967098981 6037 5868 6005 5963 1667967098990 0
6054 5884 6023 5984 1667967099047 6055 5884 6023 5984 1667967099058 0
6076 5907 6045 6006 1667967099153 6077 5907 6045 6006 1667967099161 0
6096 5926 6065 6026 1667967099283 6097 5926 6065 6026 1667967099283 0
6119 5958 6089 6046 1667967099420 6120 5958 6089 6046 1667967099420 0
6136 5966 6105 6066 1667967099514 6139 5966 6108 6066 1667967099536 0
6156 5988 6125 6084 1667967099658 6157 5988 6125 6084 1667967099663 0
6176 6008 6145 6103 1667967099780 6177 6008 6145 6103 1667967099780 0
6194 6025 6163 6123 1667967099864 6195 6025 6163 6123 1667967099864 0
6213 6035 6182 6143 1667967099929 6214 6035 6182 6143 1667967099938 0
6230 6055 6191 6158 1667967100001 6231 6055 6191 6158 1667967100004 0
6248 6073 6207 6176 1667967100106 6253 6073 6214 6181 1667967100109 0
6270 6094 6231 6198 1667967100189 6271 6094 6231 6198 1667967100194 0
6286 6111 6241 6224 1667967100219 6291 6114 6241 6227 1667967100227 0
6305 6129 6251 6241 1667967100302 6310 6133 6251 6245 1667967100356 0
6327 6150 6271 6264 1667967100454 6328 6150 6271 6264 1667967100463 0
6347 6170 6291 6284 1667967100610 6348 6170 6291 6284 1667967100610 0
6364 6181 6309 6300 1667967100690 6365 6181 6309 6300 1667967100693 0
6381 6196 6326 6310 1667967100784 6384 6199 6326 6310 1667967100794 0
6404 6220 6357 6331 1667967100990 6405 6220 6357 6331 1667967100992 0
6424 6240 6377 6351 1667967101092 6425 6240 6377 6351 1667967101099 0
6441 6256 6385 6370 1667967101125 6442 6256 6385 6370 1667967101129 0
6461 6276 6406 6390 1667967101167 6464 6279 6406 6390 1667967101171 0
6482 6298 6435 6408 1667967101243 6485 6299 6437 6413 1667967101268 0
6499 6315 6445 6427 1667967101320 6504 6319 6445 6432 1667967101363 0
6521 6338 6465 6449 1667967101473 6522 6338 6465 6449 1667967101486 0
6545 6368 6499 6471 1667967101642 6546 6368 6499 6471 1667967101660 0
6564 6387 6518 6483 1667967101776 6565 6387 6518 6483 1667967101782 0
6581 6395 6534 6503 1667967101844 6584 6395 6537 6503 1667967101852 0
6599 6415 6552 6520 1667967101962 6600 6415 6552 6520 1667967101962 0
6619 6435 6572 6540 1667967102066 6624 6435 6577 6544 1667967102086 0
6641 6455 6594 6563 1667967102206 6642 6455 6594 6563 1667967102215 0
6658 6473 6605 6578 1667967102298 6659 6473 6605 6578 1667967102311 0
6678 6492 6625 6598 1667967102421 6679 6492 6625 6598 1667967102446 0
6698 6513 6645 6618 1667967102548 6701 6513 6645 6621 1667967102575 0
6718 6532 6665 6638 1667967102676 6721 6532 6665 6641 1667967102680 0
6738 6552 6685 6658 1667967102809 6739 6552 6685 6658 1667967102826 0
6755 6571 6700 6666 1667967102911 6756 6571 6700 6666 1667967102915 0
6775 6591 6720 6686 1667967103012 6776 6591 6720 6686 1667967103012 0
6798 6612 6745 6718 1667967103139 6799 6612 6745 6718 1667967103141 0
6815 6631 6760 6726 1667967103229 6816 6631 6760 6726 1667967103233 0
6835 6651 6780 6746 1667967103376 6836 6651 6780 6746 1667967103398 0
6862 6684 6815 6784 1667967103554 6865 6688 6816 6784 1667967103573 0
6884 6708 6837 6803 1667967103643 6885 6708 6837 6803 1667967103660 0
6902 6725 6855 6823 1667967103733 6905 6728 6856 6823 1667967103740 0
6921 6744 6866 6842 1667967103804 6922 6744 6866 6842 1667967103832 0
6941 6764 6885 6862 1667967103927 6944 6767 6885 6862 1667967103974 0
6961 6784 6907 6881 1667967104076 6962 6784 6907 6881 1667967104086 0
6982 6806 6928 6910 1667967104233 6983 6806 6928 6910 1667967104237 0
7001 6824 6947 6920 1667967104307 7002 6824 6947 6920 1667967104309 0
7017 6840 6962 6937 1667967104399 7020 6843 6962 6937 1667967104410 0
7041 6863 6988 6961 1667967104511 7042 6863 6988 6961 1667967104517 0
7064 6895 7008 6985 1667967104662 7065 6895 7008 6985 1667967104664 0
7085 6916 7037 7006 1667967104736 7090 6921 7042 7007 1667967104743 0
7107 6938 7061 7026 1667967104860 7108 6938 7061 7026 1667967104867 0
7125 6956 7079 7043 1667967104986 7126 6956 7079 7043 1667967104991 0
7144 6975 7098 7055 1667967105111 7145 6975 7098 7055 1667967105111 0
7164 6995 7118 7075 1667967105217 7167 6998 7118 7075 1667967105237 0
7182 7013 7135 7095 1667967105344 7185 7016 7135 7095 1667967105360 0
7201 7032 7145 7114 1667967105419 7202 7032 7145 7114 1667967105421 0
7221 7052 7166 7134 1667967105497 7222 7052 7166 7134 1667967105519 0
7248 7087 7201 7169 1667967105614 7251 7090 7202 7169 1667967105626 0
7270 7109 7223 7192 1667967105669 7273 7109 7226 7192 1667967105673 0
7296 7143 7250 7224 1667967105749 7297 7143 7250 7224 1667967105756 0
7316 7163 7269 7245 1667967105800 7317 7163 7269 7245 1667967105803 0
7334 7181 7285 7263 1667967105860 7337 7184 7285 7263 1667967105869 0
7356 7204 7309 7283 1667967105986 7357 7204 7309 7283 1667967105987 0
7373 7220 7317 7302 1667967106066 7376 7223 7317 7302 1667967106083 0
7393 7240 7337 7322 1667967106198 7396 7243 7337 7322 1667967106235 0
7411 7258 7357 7339 1667967106323 7412 7258 7357 7339 1667967106349 0
7436 7282 7391 7364 1667967106489 7439 7282 7391 7367 1667967106506 0
7456 7302 7411 7384 1667967106600 7457 7302 7411 7384 1667967106605 0
7473 7321 7426 7392 1667967106698 7474 7321 7426 7392 1667967106698 0
7488 7335 7434 7408 1667967106753 7489 7335 7434 7408 1667967106758 0
7503 7342 7449 7423 1667967106789 7510 7349 7453 7430 1667967106807 0
7530 7368 7483 7452 1667967106932 7533 7368 7486 7452 1667967106938 0
7550 7388 7503 7472 1667967107043 7551 7388 7503 7472 1667967107049 0
7570 7408 7523 7492 1667967107145 7571 7408 7523 7492 1667967107150 0
7588 7425 7541 7510 1667967107246 7593 7430 7544 7510 1667967107268 0
7610 7450 7563 7529 1667967107402 7611 7450 7563 7529 1667967107417 0
7630 7470 7583 7549 1667967107575 7631 7470 7583 7549 1667967107575 0
7650 7489 7601 7569 1667967107703 7651 7489 7601 7569 1667967107722 0
7670 7510 7623 7589 1667967107820 7671 7510 7623 7589 1667967107823 0
7687 7526 7632 7608 1667967107891 7688 7526 7632 7608 1667967107894 0
7702 7534 7648 7622 1667967107943 7703 7534 7648 7622 1667967107948 0
7722 7552 7667 7644 1667967107994 7723 7552 7667 7644 1667967107996 0
7741 7572 7677 7662 1667967108064 7742 7572 7677 7662 1667967108064 0
7759 7590 7697 7679 1667967108164 7764 7595 7697 7684 1667967108176 0
7781 7612 7720 7701 1667967108238 7784 7612 7720 7704 1667967108257 0
7801 7631 7740 7721 1667967108349 7802 7631 7740 7721 1667967108363 0
7819 7651 7757 7739 1667967108453 7824 7651 7759 7742 1667967108463 0
7841 7671 7778 7763 1667967108574 7842 7671 7778 7763 1667967108576 0
7861 7691 7798 7783 1667967108670 7864 7691 7801 7783 1667967108684 0
7879 7711 7816 7800 1667967108759 7880 7711 7816 7800 1667967108763 0
7896 7726 7827 7816 1667967108809 7897 7726 7827 7816 1667967108809 0
7924 7763 7862 7843 1667967108977 7925 7763 7862 7843 1667967108982 0
7941 7771 7878 7863 1667967109070 7944 7771 7881 7863 1667967109089 0
7964 7803 7902 7883 1667967109215 7967 7806 7902 7883 1667967109242 0
7988 7825 7935 7916 1667967109359 7991 7825 7935 7919 1667967109373 0
8006 7845 7951 7934 1667967109420 8011 7850 7951 7938 1667967109438 0
8026 7866 7964 7964 1667967109523 8027 7866 7964 7964 1667967109523 0
8051 7899 7989 7987 1667967109639 8054 7899 7989 7990 1667967109652 0
8073 7920 8009 8010 1667967109719 8074 7920 8009 8010 1667967109719 0
8088 7928 8026 8024 1667967109752 8089 7928 8026 8024 1667967109755 0
8107 7948 8035 8043 1667967109836 8110 7948 8035 8046 1667967109842 0
8125 7965 8055 8061 1667967109901 8126 7965 8055 8061 1667967109903 0
8141 7973 8070 8069 1667967109916 8144 7973 8073 8069 1667967109932 0
8161 7992 8090 8091 1667967109974 8162 7992 8090 8091 1667967109974 0
8179 8011 8108 8106 1667967110036 8180 8011 8108 8106 1667967110048 0
8201 8031 8130 8131 1667967110233 8204 8031 8133 8131 1667967110243 0
8221 8052 8150 8151 1667967110379 8222 8052 8150 8151 1667967110380 0
8241 8071 8170 8171 1667967110482 8242 8071 8170 8171 1667967110482 0
8261 8093 8190 8189 1667967110564 8262 8093 8190 8189 1667967110564 0
8281 8113 8210 8208 1667967110692 8282 8113 8210 8208 1667967110695 0
8305 8144 8235 8241 1667967110863 8306 8144 8235 8241 1667967110865 0
8322 8161 8251 8251 1667967110965 8323 8161 8251 8251 1667967110965 0
8334 8166 8256 8262 1667967111022 8339 8168 8258 8264 1667967111036 0
8358 8189 8279 8286 1667967111165 8359 8189 8279 8286 1667967111165 0
8373 8204 8294 8294 1667967111231 8376 8204 8297 8294 1667967111249 0
8395 8226 8317 8314 1667967111358 8398 8229 8317 8314 1667967111363 0
8416 8248 8338 8344 1667967111460 8417 8248 8338 8344 1667967111463 0
8441 8272 8368 8368 1667967111573 8442 8272 8368 8368 1667967111574 0
8467 8306 8396 8404 1667967111688 8468 8306 8396 8404 1667967111692 0
8487 8326 8417 8423 1667967111740 8488 8326 8417 8423 1667967111740 0
8504 8334 8433 8442 1667967111803 8505 8334 8433 8442 1667967111811 0
8524 8354 8453 8462 1667967111940 8525 8354 8453 8462 1667967111982 0
8546 8386 8476 8490 1667967112051 8551 8386 8480 8495 1667967112061 0
8565 8394 8496 8509 1667967112087 8568 8398 8496 8509 1667967112089 0
8583 8415 8513 8527 1667967112152 8584 8415 8513 8527 1667967112152 0
8605 8430 8535 8557 1667967112188 8606 8430 8535 8557 1667967112194 0
8630 8461 8560 8581 1667967112328 8631 8461 8560 8581 1667967112346 0
8650 8481 8580 8601 1667967112446 8653 8484 8580 8601 1667967112475 0
8670 8501 8600 8621 1667967112576 8673 8504 8600 8621 1667967112602 0
8690 8521 8620 8641 1667967112708 8693 8524 8620 8641 1667967112731 0
8706 8537 8635 8658 1667967112811 8713 8544 8640 8665 1667967112826 0
8728 8560 8658 8680 1667967112889 8729 8560 8658 8680 1667967112889 0
8753 8592 8682 8706 1667967112991 8756 8595 8682 8706 1667967113005 0
8773 8612 8701 8726 1667967113135 8774 8612 8701 8726 1667967113145 0
8790 8621 8721 8742 1667967113203 8791 8621 8721 8742 1667967113206 0
8810 8640 8741 8762 1667967113306 8811 8640 8741 8762 1667967113307 0
8828 8660 8758 8780 1667967113386 8831 8660 8760 8782 1667967113396 0
8855 8694 8793 8815 1667967113545 8860 8699 8793 8820 1667967113554 0
8879 8717 8816 8841 1667967113632 8880 8717 8816 8841 1667967113638 0
8902 8749 8840 8861 1667967113731 8903 8749 8840 8861 1667967113736 0
8919 8758 8856 8881 1667967113784 8922 8758 8859 8881 1667967113803 0
8937 8774 8874 8899 1667967113877 8942 8780 8879 8899 1667967113895 0
8959 8798 8896 8921 1667967113992 8962 8798 8899 8921 1667967114011 0
8980 8827 8917 8941 1667967114110 8981 8827 8917 8941 1667967114111 0
8997 8844 8926 8955 1667967114140 8998 8844 8926 8955 1667967114140 0
9012 8861 8943 8966 1667967114205 9017 8861 8946 8969 1667967114220 0
9037 8884 8974 8990 1667967114411 9038 8884 8974 8990 1667967114424 0
9057 8904 8994 9010 1667967114523 9058 8904 8994 9010 1667967114529 0
9086 8941 9031 9047 1667967114693 9089 8944 9031 9047 1667967114699 0
9105 8960 9041 9066 1667967114762 9108 8963 9041 9066 1667967114773 0
9123 8978 9061 9082 1667967114877 9124 8978 9061 9082 1667967114883 0
9145 9002 9081 9105 1667967115035 9146 9002 9081 9105 1667967115049 0
9165 9022 9101 9125 1667967115201 9168 9022 9101 9128 1667967115225 0
9184 9039 9129 9145 1667967115313 9191 9046 9134 9150 1667967115349 0
9211 9067 9164 9171 1667967115461 9212 9067 9164 9171 1667967115469 0
9237 9101 9190 9205 1667967115609 9238 9101 9190 9205 1667967115611 0
9252 9115 9198 9220 1667967115673 9253 9115 9198 9220 1667967115674 0
9277 9141 9230 9244 1667967115777 9280 9141 9233 9244 1667967115795 0
9300 9162 9255 9276 1667967115913 9301 9162 9255 9276 1667967115915 0
9318 9182 9272 9294 1667967115976 9323 9182 9276 9299 1667967116010 0
9336 9199 9289 9313 1667967116062 9339 9199 9291 9315 1667967116073 0
9363 9234 9316 9340 1667967116186 9364 9234 9316 9340 1667967116190 0
9380 9242 9335 9356 1667967116251 9381 9242 9335 9356 1667967116256 0
9403 9274 9355 9380 1667967116394 9404 9274 9355 9380 1667967116394 0
9421 9285 9382 9396 1667967116470 9422 9285 9382 9396 1667967116474 0
9440 9303 9395 9416 1667967116507 9441 9303 9395 9416 1667967116525 0
9460 9325 9413 9436 1667967116580 9463 9325 9413 9439 1667967116607 0
9483 9345 9444 9461 1667967116729 9484 9345 9444 9461 1667967116737 0
9503 9365 9464 9481 1667967116858 9504 9365 9464 9481 1667967116865 0
9521 9392 9475 9496 1667967116968 9522 9392 9475 9496 1667967116973 0
9543 9416 9495 9519 1667967117088 9544 9416 9495 9519 1667967117092 0
9560 9431 9514 9527 1667967117197 9561 9431 9514 9527 1667967117200 0
9586 9456 9547 9564 1667967117405 9587 9456 9547 9564 1667967117408 0
9606 9476 9567 9584 1667967117504 9607 9476 9567 9584 1667967117523 0
9624 9496 9585 9601 1667967117571 9625 9496 9585 9601 1667967117574 0
9646 9516 9607 9624 1667967117642 9647 9516 9607 9624 1667967117642 0
9663 9536 9616 9639 1667967117709 9664 9536 9616 9639 1667967117711 0
9681 9553 9635 9657 1667967117821 9684 9553 9635 9660 1667967117827 0
9701 9572 9655 9677 1667967117924 9702 9572 9655 9677 1667967117930 0
9721 9593 9675 9697 1667967118023 9724 9595 9675 9698 1667967118043 0
9743 9616 9696 9719 1667967118135 9744 9616 9696 9719 1667967118135 0
9758 9629 9711 9727 1667967118249 9759 9629 9711 9727 1667967118249 0
9777 9641 9730 9745 1667967118361 9780 9641 9733 9745 1667967118381 0
9797 9661 9750 9764 1667967118473 9798 9661 9750 9764 1667967118477 0
9815 9679 9768 9781 1667967118618 9818 9680 9770 9786 1667967118631 0
9837 9699 9790 9807 1667967118735 9838 9699 9790 9807 1667967118741 0
9854 9717 9801 9822 1667967118791 9855 9717 9801 9822 1667967118797 0
9874 9736 9821 9842 1667967118918 9877 9736 9821 9845 1667967118936 0
9894 9756 9841 9862 1667967119037 9897 9756 9841 9865 1667967119044 0
9914 9776 9861 9882 1667967119160 9917 9776 9861 9885 1667967119221 0
9932 9796 9878 9900 1667967119284 9935 9796 9880 9902 1667967119299 0
9949 9812 9894 9910 1667967119351 9952 9812 9897 9910 1667967119367 0
9971 9834 9917 9931 1667967119498 9974 9837 9917 9931 1667967119505 0
9989 9852 9933 9950 1667967119642 9990 9852 9933 9950 1667967119649 0
10011 9874 9957 9970 1667967119736 10014 9877 9957 9970 1667967119756 0
10029 9892 9974 9990 1667967119847 10030 9892 9974 9990 1667967119847 0
10053 9917 10006 10022 1667967119903 10058 9917 10011 10026 1667967119920 0
10080 9943 10041 10050 1667967120046 10081 9943 10041 10050 1667967120049 0
10097 9962 10050 10065 1667967120113 10098 9962 10050 10065 1667967120129 0
10113 9978 10068 10083 1667967120177 10116 9978 10068 10084 1667967120182 0
10137 10000 10091 10104 1667967120322 10138 10000 10091 10104 1667967120322 0
10158 10020 10113 10134 1667967120466 10161 10024 10113 10135 1667967120495 0
10181 10042 10142 10159 1667967120634 10184 10042 10145 10159 1667967120646 0
10201 10064 10162 10178 1667967120752 10202 10064 10162 10178 1667967120760 0
10213 10069 10167 10189 1667967120802 10214 10069 10167 10189 1667967120805 0
10229 10084 10175 10196 1667967120849 10234 10089 10176 10202 1667967120885 0
10255 10118 10209 10221 1667967121013 10258 10120 10210 10226 1667967121017 0
10284 10155 10243 10261 1667967121109 10285 10155 10243 10261 1667967121115 0
10306 10178 10267 10281 1667967121235 10307 10178 10267 10281 1667967121270 0
10326 10198 10287 10301 1667967121372 10327 10198 10287 10301 1667967121382 0
10341 10212 10295 10317 1667967121480 10342 10212 10295 10317 1667967121482 0
10360 10222 10315 10336 1667967121570 10361 10222 10315 10336 1667967121604 0
10380 10243 10335 10356 1667967121696 10381 10243 10335 10356 1667967121710 0
10400 10262 10355 10376 1667967121850 10403 10262 10355 10379 1667967121865 0
10420 10282 10375 10396 1667967122027 10421 10282 10375 10396 1667967122027 0
10438 10302 10392 10414 1667967122113 10441 10302 10392 10417 1667967122138 0
10453 10317 10399 10429 1667967122161 10456 10317 10399 10432 1667967122168 0
10474 10328 10419 10450 1667967122225 10477 10328 10422 10450 1667967122237 0
10492 10345 10437 10470 1667967122316 10495 10350 10438 10470 1667967122325 0
10514 10370 10459 10489 1667967122457 10515 10370 10459 10489 1667967122459 0
10534 10390 10479 10509 1667967122564 10537 10390 10482 10509 1667967122577 0
10554 10410 10499 10530 1667967122686 10557 10410 10502 10530 1667967122700 0
10572 10427 10517 10549 1667967122800 10575 10427 10520 10549 1667967122817 0
10594 10449 10540 10569 1667967122967 10597 10452 10540 10569 1667967122999 0
10612 10467 10556 10589 1667967123081 10615 10468 10560 10590 1667967123095 0
10634 10489 10580 10609 1667967123210 10637 10492 10580 10609 1667967123224 0
10652 10507 10596 10629 1667967123321 10653 10507 10596 10629 1667967123324 0
10668 10517 10605 10644 1667967123364 10671 10517 10605 10647 1667967123372 0
10691 10538 10636 10669 1667967123457 10692 10538 10636 10669 1667967123461 0
10711 10558 10656 10689 1667967123558 10712 10558 10656 10689 1667967123566 0
10729 10577 10674 10704 1667967123676 10732 10577 10677 10704 1667967123686 0
10751 10597 10698 10727 1667967123824 10752 10597 10698 10727 1667967123824 0
10769 10617 10715 10745 1667967123928 10772 10617 10717 10747 1667967123946 0
10789 10637 10733 10765 1667967124115 10790 10637 10733 10765 1667967124115 0
10806 10654 10744 10782 1667967124206 10809 10656 10744 10783 1667967124220 0
10825 10672 10763 10792 1667967124303 10826 10672 10763 10792 1667967124311 0
10842 10682 10779 10810 1667967124393 10843 10682 10779 10810 1667967124411 0
10860 10699 10797 10829 1667967124476 10863 10699 10800 10829 1667967124501 0
10883 10723 10821 10859 1667967124677 10884 10723 10821 10859 1667967124687 0
10902 10741 10840 10870 1667967124750 10905 10744 10840 10870 1667967124763 0
10922 10761 10860 10890 1667967124892 10923 10761 10860 10890 1667967124918 0
10937 10769 10874 10906 1667967124998 10942 10769 10879 10910 1667967125023 0
10955 10786 10892 10924 1667967125120 10958 10786 10895 10924 1667967125124 0
10982 10812 10927 10952 1667967125266 10983 10812 10927 10952 1667967125289 0
10997 10827 10936 10965 1667967125366 11002 10833 10936 10969 1667967125382 0
11019 10850 10955 10988 1667967125500 11020 10850 10955 10988 1667967125500 0
11040 10871 10985 11009 1667967125608 11043 10874 10986 11009 1667967125617 0
11068 10899 11021 11046 1667967125690 11069 10899 11021 11046 1667967125693 0
11083 10915 11029 11059 1667967125767 11084 10915 11029 11059 1667967125771 0
11108 10938 11061 11086 1667967125904 11109 10938 11061 11086 1667967125906 0
11125 10958 11070 11101 1667967126009 11126 10958 11070 11101 1667967126013 0
11145 10978 11089 11121 1667967126108 11146 10978 11089 11121 1667967126113 0
11165 10998 11109 11141 1667967126219 11166 10998 11109 11141 1667967126224 0
11185 11018 11130 11161 1667967126317 11186 11018 11130 11161 1667967126325 0
11203 11035 11149 11179 1667967126424 11206 11037 11149 11180 1667967126427 0
11223 11053 11170 11199 1667967126530 11228 11059 11170 11204 1667967126566 0
11245 11078 11189 11221 1667967126708 11248 11078 11189 11224 1667967126730 0
11263 11095 11209 11239 1667967126838 11264 11095 11209 11239 1667967126845 0
11285 11116 11229 11262 1667967126953 11288 11119 11229 11262 1667967126959 0
11303 11134 11246 11280 1667967127068 11304 11134 11246 11280 1667967127070 0
11315 11139 11253 11291 1667967127111 11322 11143 11259 11298 1667967127153 0
11337 11161 11274 11312 1667967127250 11338 11161 11274 11312 1667967127263 0
11359 11181 11296 11337 1667967127360 11362 11181 11299 11337 1667967127365 0
11379 11201 11316 11357 1667967127483 11382 11201 11319 11357 1667967127489 0
11395 11218 11332 11372 1667967127550 11400 11222 11337 11372 1667967127578 0
11419 11242 11358 11395 1667967127623 11420 11242 11358 11395 1667967127623 0
11439 11264 11376 11415 1667967127722 11442 11264 11376 11418 1667967127755 0
11459 11284 11395 11435 1667967127893 11462 11284 11395 11438 1667967127935 0
11479 11302 11418 11455 1667967128022 11480 11302 11418 11455 1667967128035 0
11494 11318 11431 11460 1667967128073 11497 11319 11433 11465 1667967128091 0
11516 11338 11453 11486 1667967128201 11517 11338 11453 11486 1667967128206 0
11533 11358 11461 11501 1667967128294 11536 11358 11461 11504 1667967128310 0
11551 11375 11481 11519 1667967128408 11556 11379 11481 11524 1667967128426 0
11573 11398 11501 11541 1667967128601 11576 11398 11501 11544 1667967128619 0
11593 11416 11524 11561 1667967128719 11594 11416 11524 11561 1667967128723 0
11613 11435 11544 11581 1667967128828 11614 11435 11544 11581 1667967128828 0
11631 11452 11562 11599 1667967128910 11632 11452 11562 11599 1667967128914 0
11653 11478 11581 11621 1667967128987 11654 11478 11581 11621 1667967128995 0
11676 11498 11613 11646 1667967129100 11677 11498 11613 11646 1667967129104 0
11691 11515 11621 11659 1667967129178 11692 11515 11621 11659 1667967129188 0
11710 11525 11641 11678 1667967129241 11713 11525 11641 11681 1667967129262 0
11728 11545 11656 11696 1667967129373 11731 11545 11660 11698 1667967129395 0
11750 11564 11681 11718 1667967129511 11751 11564 11681 11718 1667967129511 0
11767 11582 11696 11729 1667967129614 11768 11582 11696 11729 1667967129616 0
11784 11599 11707 11744 1667967129703 11785 11599 11707 11744 1667967129706 0
11804 11621 11725 11764 1667967129839 11805 11621 11725 11764 1667967129845 0
11827 11641 11756 11789 1667967129987 11828 11641 11756 11789 1667967130012 0
11847 11661 11776 11809 1667967130171 11850 11661 11779 11809 1667967130178 0
11867 11681 11796 11829 1667967130270 11870 11681 11799 11829 1667967130281 0
11887 11701 11816 11849 1667967130327 11890 11701 11819 11849 1667967130345 0
11907 11721 11836 11869 1667967130433 11908 11721 11836 11869 1667967130449 0
11927 11743 11856 11887 1667967130567 11930 11743 11859 11887 1667967130580 0
11945 11759 11874 11907 1667967130673 11946 11759 11874 11907 1667967130675 0
11967 11783 11896 11926 1667967130802 11968 11783 11896 11926 1667967130809 0
11987 11803 11916 11946 1667967130914 11988 11803 11916 11946 1667967130928 0
12007 11823 11936 11966 1667967131091 12008 11823 11936 11966 1667967131091 0
12025 11840 11954 11986 1667967131163 12026 11840 11954 11986 1667967131167 0
12042 11857 11962 12003 1667967131222 12045 11858 11966 12004 1667967131232 0
12071 11894 12000 12040 1667967131328 12074 11895 12003 12040 1667967131343 0
12091 11914 12021 12057 1667967131386 12094 11917 12021 12057 1667967131419 0
12113 11936 12044 12081 1667967131543 12114 11936 12044 12081 1667967131546 0
12136 11967 12064 12105 1667967131710 12137 11967 12064 12105 1667967131716 0
12153 11975 12084 12121 1667967131796 12156 11975 12084 12124 1667967131806 0
12171 11995 12101 12139 1667967131928 12172 11995 12101 12139 1667967131932 0
12191 12012 12122 12159 1667967132049 12192 12012 12122 12159 1667967132051 0
12219 12050 12157 12186 1667967132233 12220 12050 12157 12186 1667967132243 0
12239 12070 12177 12207 1667967132367 12240 12070 12177 12207 1667967132374 0
12256 12078 12193 12226 1667967132437 12259 12078 12196 12226 1667967132449 0
12272 12095 12209 12241 1667967132494 12273 12095 12209 12241 1667967132498 0
12299 12130 12235 12268 1667967132570 12300 12130 12235 12268 1667967132572 0
12319 12150 12255 12288 1667967132667 12320 12150 12255 12288 1667967132670 0
12337 12168 12272 12306 1667967132778 12338 12168 12272 12306 1667967132781 0
12359 12190 12297 12327 1667967132898 12360 12190 12297 12327 1667967132898 0
12376 12198 12313 12346 1667967132998 12377 12198 12313 12346 1667967133007 0
12396 12218 12333 12366 1667967133121 12397 12218 12333 12366 1667967133127 0
12419 12250 12357 12386 1667967133261 12422 12253 12357 12386 1667967133277 0
12442 12275 12378 12418 1667967133456 12443 12275 12378 12418 1667967133463 0
12458 12290 12395 12434 1667967133597 12463 12290 12400 12439 1667967133613 0
12479 12301 12416 12457 1667967133663 12480 12301 12416 12457 1667967133666 0
12499 12321 12436 12477 1667967133741 12502 12321 12439 12477 1667967133773 0
12517 12339 12454 12495 1667967133851 12518 12339 12454 12495 1667967133857 0
12539 12364 12468 12523 1667967133898 12540 12364 12468 12523 1667967133909 0
12556 12379 12486 12532 1667967133979 12559 12382 12486 12532 1667967133989 0
12576 12399 12506 12551 1667967134111 12577 12399 12506 12551 1667967134127 0
12596 12419 12526 12571 1667967134225 12597 12419 12526 12571 1667967134242 0
12616 12439 12546 12591 1667967134347 12617 12439 12546 12591 1667967134348 0
12636 12459 12566 12611 1667967134454 12637 12459 12566 12611 1667967134457 0
12656 12479 12586 12631 1667967134610 12659 12482 12586 12631 1667967134674 0
12676 12499 12606 12651 1667967134760 12679 12502 12606 12651 1667967134774 0
12694 12517 12623 12671 1667967134837 12699 12521 12628 12671 1667967134844 0
12716 12540 12645 12691 1667967134901 12717 12540 12645 12691 1667967134905 0
12733 12556 12655 12709 1667967134997 12734 12556 12655 12709 1667967135011 0
12750 12566 12671 12726 1667967135103 12751 12566 12671 12726 1667967135107 0
12770 12585 12691 12748 1667967135215 12771 12585 12691 12748 1667967135222 0
12788 12604 12709 12765 1667967135329 12789 12604 12709 12765 1667967135337 0
12807 12623 12728 12774 1667967135423 12808 12623 12728 12774 1667967135426 0
12827 12643 12748 12794 1667967135526 12828 12643 12748 12794 1667967135540 0
12847 12663 12768 12814 1667967135666 12848 12663 12768 12814 1667967135666 0
12870 12684 12793 12846 1667967135837 12871 12684 12793 12846 1667967135840 0
12888 12705 12808 12864 1667967135942 12891 12705 12808 12867 1667967135958 0
12908 12724 12829 12885 1667967135999 12909 12724 12829 12885 1667967135999 0
12922 12737 12836 12889 1667967136016 12923 12737 12836 12889 1667967136020 0
12944 12759 12857 12913 1667967136061 12945 12759 12857 12913 1667967136067 0
12962 12777 12873 12931 1667967136100 12963 12777 12873 12931 1667967136106 0
12981 12787 12894 12951 1667967136143 12982 12787 12894 12951 1667967136148 0
13001 12816 12905 12970 1667967136250 13004 12819 12905 12970 1667967136266 0
13021 12836 12927 12989 1667967136405 13022 12836 12927 12989 1667967136415 0
13036 12843 12941 13003 1667967136513 13037 12843 12941 13003 1667967136515 0
13053 12860 12958 13014 1667967136589 13056 12860 12961 13014 1667967136608 0
13075 12882 12981 13034 1667967136712 13078 12885 12981 13034 1667967136745 0
13095 12902 13001 13054 1667967136874 13096 12902 13001 13054 1667967136874 0
13113 12920 13017 13074 1667967136994 13118 12925 13022 13075 1667967137013 0
13133 12940 13038 13094 1667967137096 13134 12940 13038 13094 1667967137101 0
13152 12959 13048 13113 1667967137150 13155 12962 13048 13113 1667967137168 0
13172 12979 13069 13133 1667967137209 13173 12979 13069 13133 1667967137213 0
13201 13009 13114 13168 1667967137397 13204 13009 13117 13168 1667967137437 0
13219 13026 13132 13188 1667967137538 13220 13026 13132 13188 1667967137542 0
13241 13049 13154 13208 1667967137778 13242 13049 13154 13208 1667967137783 0
13261 13069 13174 13228 1667967137885 13262 13069 13174 13228 1667967137897 0
13281 13089 13194 13248 1667967138042 13282 13089 13194 13248 1667967138048 0
13301 13109 13214 13268 1667967138167 13302 13109 13214 13268 1667967138172 0
13321 13129 13234 13288 1667967138281 13324 13129 13237 13288 1667967138293 0
13340 13147 13254 13316 1667967138370 13345 13152 13257 13318 1667967138393 0
13362 13169 13283 13331 1667967138437 13363 13169 13283 13331 1667967138446 0
13378 13177 13293 13346 1667967138480 13379 13177 13293 13346 1667967138488 0
13398 13196 13313 13366 1667967138624 13399 13196 13313 13366 1667967138627 0
13413 13212 13326 13374 1667967138699 13416 13215 13327 13374 1667967138714 0
13435 13235 13348 13394 1667967138836 13436 13235 13348 13394 1667967138839 0
13455 13254 13368 13417 1667967138979 13456 13254 13368 13417 1667967139005 0
13475 13273 13388 13437 1667967139097 13478 13273 13391 13437 1667967139157 0
13496 13303 13409 13457 1667967139295 13501 13306 13412 13457 1667967139304 0
13516 13322 13429 13478 1667967139421 13517 13322 13429 13478 1667967139429 0
13536 13343 13450 13494 1667967139474 13541 13348 13451 13501 1667967139488 0
13558 13367 13471 13518 1667967139547 13559 13367 13471 13518 1667967139550 0
13574 13382 13488 13534 1667967139600 13581 13387 13494 13539 1667967139613 0
13598 13406 13511 13557 1667967139733 13601 13406 13514 13557 1667967139763 0
13618 13426 13531 13577 1667967139858 13621 13426 13534 13577 1667967139865 0
13638 13446 13551 13597 1667967139979 13641 13446 13554 13597 1667967140002 0
13659 13467 13573 13627 1667967140181 13660 13467 13573 13627 1667967140184 0
13681 13487 13594 13651 1667967140295 13682 13487 13594 13651 1667967140299 0
13699 13507 13612 13668 1667967140400 13702 13507 13614 13670 1667967140412 0
13719 13527 13632 13688 1667967140528 13722 13527 13634 13690 1667967140532 0
13739 13547 13652 13706 1667967140651 13740 13547 13652 13706 1667967140651 0
13753 13560 13657 13714 1667967140680 13754 13560 13657 13714 1667967140683 0
13773 13580 13678 13734 1667967140766 13774 13580 13678 13734 1667967140772 0
13789 13590 13686 13749 1667967140868 13792 13590 13686 13752 1667967140872 0
13809 13610 13705 13769 1667967140992 13810 13610 13705 13769 1667967141007 0
13826 13625 13723 13779 1667967141092 13829 13628 13723 13779 1667967141112 0
13844 13643 13739 13797 1667967141226 13849 13647 13746 13798 1667967141250 0
13864 13664 13761 13814 1667967141339 13869 13665 13766 13821 1667967141359 0
13884 13684 13782 13836 1667967141497 13887 13684 13782 13839 1667967141511 0
13906 13704 13803 13860 1667967141599 13909 13704 13806 13860 1667967141614 0
13926 13724 13823 13880 1667967141710 13927 13724 13823 13880 1667967141717 0
13949 13756 13846 13902 1667967141822 13952 13759 13846 13902 1667967141837 0
13978 13795 13882 13938 1667967141963 13981 13795 13882 13941 1667967142011 0
13998 13815 13902 13958 1667967142107 13999 13815 13902 13958 1667967142107 0
14016 13832 13922 13976 1667967142228 14019 13834 13922 13977 1667967142245 0
14031 13846 13936 13983 1667967142278 14038 13851 13943 13990 1667967142319 0
14058 13881 13964 14009 1667967142399 14059 13881 13964 14009 1667967142406 0
14078 13901 13984 14029 1667967142468 14079 13901 13984 14029 1667967142475 0
14095 13909 14000 14049 1667967142563 14096 13909 14000 14049 1667967142567 0
14113 13929 14018 14064 1667967142674 14114 13929 14018 14064 1667967142674 0
14133 13949 14038 14084 1667967142783 14134 13949 14038 14084 1667967142783 0
14153 13969 14058 14106 1667967142903 14154 13969 14058 14106 1667967142906 0
14180 14003 14093 14141 1667967143046 14183 14006 14094 14141 1667967143063 0
14202 14027 14114 14162 1667967143131 14205 14027 14114 14165 1667967143141 0
14224 14055 14130 14184 1667967143210 14225 14055 14130 14184 1667967143211 0
14244 14075 14150 14203 1667967143369 14245 14075 14150 14203 1667967143371 0
14267 14100 14171 14235 1667967143533 14268 14100 14171 14235 1667967143538 0
14287 14120 14191 14255 1667967143684 14290 14120 14191 14258 1667967143701 0
14307 14140 14211 14275 1667967143755 14308 14140 14211 14275 1667967143760 0
14324 14155 14230 14284 1667967143784 14325 14155 14230 14284 1667967143784 0
14341 14163 14246 14303 1667967143861 14342 14163 14246 14303 1667967143865 0
14361 14183 14266 14323 1667967143925 14362 14183 14266 14323 1667967143938 0
14379 14202 14284 14338 1667967143983 14380 14202 14284 14338 1667967143983 0
14396 14220 14294 14356 1667967144028 14399 14222 14294 14357 1667967144042 0
14419 14243 14324 14380 1667967144102 14424 14243 14329 14384 1667967144129 0
14442 14273 14347 14403 1667967144291 14443 14273 14347 14403 1667967144305 0
14464 14296 14369 14423 1667967144439 14465 14296 14369 14423 1667967144439 0
14484 14316 14389 14443 1667967144541 14487 14316 14392 14443 1667967144566 0
14502 14333 14407 14463 1667967144695 14505 14333 14410 14463 1667967144711 0
14524 14355 14430 14484 1667967144822 14525 14355 14430 14484 1667967144834 0
14542 14373 14446 14503 1667967144938 14543 14373 14446 14503 1667967144941 0
14564 14395 14470 14523 1667967145058 14565 14395 14470 14523 1667967145061 0
14585 14417 14491 14553 1667967145178 14586 14417 14491 14553 1667967145180 0
14599 14421 14504 14561 1667967145211 14602 14424 14504 14561 1667967145217 0
14627 14458 14534 14595 1667967145291 14628 14458 14534 14595 1667967145293 0
14642 14473 14547 14603 1667967145320 14643 14473 14547 14603 1667967145334 0
14660 14492 14565 14621 1667967145409 14661 14492 14565 14621 1667967145413 0
14679 14503 14592 14630 1667967145459 14680 14503 14592 14630 1667967145476 0
14694 14517 14607 14638 1667967145521 14698 14518 14612 14643 1667967145525 0
14715 14530 14628 14661 1667967145570 14716 14530 14628 14661 1667967145576 0
14741 14566 14654 14693 1667967145741 14742 14566 14654 14693 1667967145748 0
14761 14586 14674 14713 1667967145840 14764 14586 14674 14716 1667967145863 0
14781 14606 14693 14733 1667967145982 14784 14606 14693 14736 1667967146008 0
14799 14624 14710 14751 1667967146150 14802 14624 14715 14753 1667967146171 0
14821 14643 14736 14773 1667967146404 14822 14643 14736 14773 1667967146404 0
14840 14664 14761 14793 1667967146493 14843 14666 14762 14793 1667967146497 0
14855 14678 14769 14800 1667967146521 14857 14682 14769 14800 1667967146523 0
14878 14700 14793 14822 1667967146625 14879 14700 14793 14822 1667967146637 0
14898 14723 14811 14842 1667967146762 14901 14723 14811 14845 1667967146808 0
14918 14743 14830 14862 1667967146924 14919 14743 14830 14862 1667967146953 0
14938 14761 14851 14882 1667967147072 14941 14761 14851 14885 1667967147107 0
14958 14780 14873 14902 1667967147251 14961 14780 14873 14905 1667967147263 0
14978 14800 14893 14922 1667967147387 14979 14800 14893 14922 1667967147393 0
14996 14817 14911 14940 1667967147506 14997 14817 14911 14940 1667967147519 0
15011 14834 14924 14947 1667967147545 15012 14834 14924 14947 1667967147549 0
15032 14855 14938 14968 1667967147585 15033 14855 14938 14968 1667967147605 0
15052 14875 14958 14987 1667967147728 15053 14875 14958 14987 1667967147747 0
15072 14895 14978 15007 1667967147879 15073 14895 14978 15007 1667967147881 0
15092 14915 14998 15027 1667967147985 15095 14918 14998 15027 1667967148001 0
15110 14933 15015 15047 1667967148107 15113 14936 15015 15047 1667967148113 0
15132 14956 15037 15068 1667967148204 15133 14956 15037 15068 1667967148212 0
15152 14976 15057 15087 1667967148318 15153 14976 15057 15087 1667967148321 0
15165 14988 15062 15101 1667967148368 15166 14988 15062 15101 1667967148370 0
15186 15003 15083 15122 1667967148455 15189 15003 15083 15125 1667967148459 0
15206 15023 15102 15142 1667967148555 15209 15023 15102 15145 1667967148564 0
15226 15043 15122 15162 1667967148663 15229 15043 15122 15165 1667967148682 0
15246 15063 15143 15182 1667967148769 15249 15063 15143 15185 1667967148804 0
15264 15080 15162 15200 1667967148915 15265 15080 15162 15200 1667967148917 0
15286 15103 15182 15222 1667967149049 15287 15103 15182 15222 1667967149063 0
15306 15123 15202 15242 1667967149237 15309 15123 15202 15245 1667967149252 0
15326 15143 15222 15262 1667967149385 15329 15143 15222 15265 1667967149418 0
15346 15163 15243 15282 1667967149513 15347 15163 15243 15282 1667967149523 0
15362 15178 15259 15298 1667967149650 15365 15178 15259 15301 1667967149653 0
15381 15196 15271 15317 1667967149727 15386 15201 15271 15322 1667967149746 0
15403 15220 15291 15339 1667967149808 15404 15220 15291 15339 1667967149824 0
15423 15240 15311 15359 1667967149949 15424 15240 15311 15359 1667967149949 0
15440 15255 15330 15368 1667967150026 15441 15255 15330 15368 1667967150038 0
15458 15273 15347 15387 1667967150151 15459 15273 15347 15387 1667967150155 0
15478 15293 15367 15407 1667967150285 15479 15293 15367 15407 1667967150290 0
15498 15313 15387 15427 1667967150394 15503 15316 15390 15427 1667967150410 0
15520 15336 15409 15447 1667967150519 15521 15336 15409 15447 1667967150519 0
15540 15356 15429 15467 1667967150677 15541 15356 15429 15467 1667967150681 0
15560 15375 15449 15490 1667967150788 15561 15375 15449 15490 1667967150788 0
15577 15394 15457 15505 1667967150882 15580 15394 15457 15508 1667967150884 0
15597 15414 15477 15525 1667967150972 15598 15414 15477 15525 1667967150977 0
15614 15429 15496 15533 1667967151043 15617 15432 15496 15533 1667967151087 0
15634 15449 15516 15553 1667967151211 15635 15449 15516 15553 1667967151215 0
15654 15460 15537 15582 1667967151330 15655 15460 15537 15582 1667967151362 0
15674 15480 15557 15602 1667967151469 15677 15480 15557 15605 1667967151494 0
15694 15503 15575 15622 1667967151656 15695 15503 15575 15622 1667967151661 0
15715 15523 15604 15644 1667967151830 15718 15523 15606 15646 1667967151840 0
15735 15543 15624 15664 1667967151939 15740 15543 15629 15668 1667967151956 0
15755 15563 15644 15684 1667967152057 15758 15563 15646 15686 1667967152061 0
15776 15583 15666 15712 1667967152120 15777 15583 15666 15712 1667967152124 0
15803 15609 15700 15741 1667967152231 15806 15609 15703 15741 1667967152264 0
15824 15639 15721 15761 1667967152404 15825 15639 15721 15761 1667967152404 0
15846 15661 15744 15781 1667967152528 15847 15661 15744 15781 1667967152545 0
15862 15677 15759 15798 1667967152588 15863 15677 15759 15798 1667967152594 0
15883 15690 15782 15819 1667967152634 15884 15690 15782 15819 1667967152655 0
15900 15708 15797 15828 1667967152694 15901 15708 15797 15828 1667967152704 0
15920 15728 15817 15848 1667967152799 15921 15728 15817 15848 1667967152804 0
15937 15744 15827 15865 1667967152897 15938 15744 15827 15865 1667967152897 0
15955 15762 15844 15884 1667967153000 15956 15762 15844 15884 1667967153000 0
15974 15772 15863 15904 1667967153074 15975 15772 15863 15904 1667967153074 0
15994 15792 15883 15924 1667967153177 15997 15792 15886 15924 1667967153182 0
16012 15812 15901 15941 1667967153276 16013 15812 15901 15941 1667967153286 0
16027 15828 15910 15957 1667967153333 16030 15829 15910 15957 1667967153336 0
16051 15849 15932 15981 1667967153412 16054 15849 15935 15981 1667967153423 0
16071 15869 15952 16001 1667967153548 16072 15869 15952 16001 1667967153548 0
16089 15889 15970 16018 1667967153673 16092 15889 15973 16018 1667967153682 0
16111 15909 15994 16039 1667967153813 16114 15909 15994 16042 1667967153832 0
16129 15929 16011 16057 1667967153950 16130 15929 16011 16057 1667967153955 0
16154 15961 16034 16083 1667967154105 16155 15961 16034 16083 1667967154121 0
16177 15985 16066 16105 1667967154274 16178 15985 16066 16105 1667967154274 0
16197 16005 16086 16125 1667967154357 16200 16005 16089 16125 1667967154371 0
16216 16024 16106 16152 1667967154433 16221 16026 16108 16154 1667967154447 0
16237 16044 16126 16167 1667967154505 16238 16044 16126 16167 1667967154527 0
16254 16063 16134 16182 1667967154616 16255 16063 16134 16182 1667967154621 0
16274 16083 16154 16202 1667967154750 16275 16083 16154 16202 1667967154756 0
16294 16103 16174 16222 1667967154909 16295 16103 16174 16222 1667967154925 0
16317 16123 16206 16247 1667967155054 16318 16123 16206 16247 1667967155054 0
16340 16155 16230 16267 1667967155253 16343 16158 16230 16267 1667967155258 0
16360 16175 16250 16287 1667967155438 16361 16175 16250 16287 1667967155441 0
16378 16193 16267 16307 1667967155535 16379 16193 16267 16307 1667967155541 0
16396 16211 16286 16325 1667967155582 16397 16211 16286 16325 1667967155582 0
16417 16223 16308 16345 1667967155681 16418 16223 16308 16345 1667967155691 0
16437 16243 16328 16365 1667967155857 16438 16243 16328 16365 1667967155873 0
16457 16263 16348 16385 1667967156010 16458 16263 16348 16385 1667967156016 0
16477 16286 16366 16405 1667967156112 16478 16286 16366 16405 1667967156119 0
16497 16306 16386 16425 1667967156213 16498 16306 16386 16425 1667967156215 0
16517 16326 16405 16445 1667967156373 16518 16326 16405 16445 1667967156378 0
16537 16346 16426 16465 1667967156486 16540 16346 16426 16468 1667967156512 0
16558 16373 16448 16486 1667967156628 16563 16378 16448 16490 1667967156648 0
16580 16395 16468 16509 1667967156745 16581 16395 16468 16509 1667967156749 0
16600 16415 16489 16529 1667967156851 16603 16418 16489 16529 1667967156900 0
16620 16435 16508 16549 1667967157024 16621 16435 16508 16549 1667967157035 0
16640 16455 16529 16569 1667967157142 16641 16455 16529 16569 1667967157146 0
16663 16479 16560 16590 1667967157322 16666 16479 16563 16590 1667967157336 0
16683 16499 16580 16610 1667967157464 16686 16499 16583 16610 1667967157510 0
16703 16519 16600 16630 1667967157617 16706 16519 16603 16630 1667967157636 0
16723 16539 16620 16650 1667967157739 16726 16539 16623 16650 1667967157749 0
16741 16557 16638 16667 1667967157830 16742 16557 16638 16667 1667967157830 0
16772 16594 16679 16708 1667967157949 16773 16594 16679 16708 1667967157951 0
16793 16624 16699 16728 1667967158069 16798 16629 16700 16734 1667967158088 0
16816 16648 16729 16751 1667967158231 16821 16649 16734 16757 1667967158258 0
16838 16668 16751 16776 1667967158358 16839 16668 16751 16776 1667967158368 0
16858 16689 16771 16796 1667967158494 16859 16689 16771 16796 1667967158494 0
16874 16705 16787 16811 1667967158619 16877 16705 16789 16813 1667967158625 0
16895 16726 16801 16831 1667967158692 16896 16726 16801 16831 1667967158697 0
16915 16746 16821 16850 1667967158789 16916 16746 16821 16850 1667967158805 0
16935 16766 16841 16870 1667967158901 16938 16769 16841 16870 1667967158910 0
16955 16786 16861 16891 1667967159006 16958 16789 16861 16891 1667967159016 0
16973 16804 16879 16907 1667967159057 16974 16804 16879 16907 1667967159064 0
16992 16823 16897 16921 1667967159169 16995 16826 16897 16921 1667967159183 0
17012 16843 16917 16941 1667967159325 17013 16843 16917 16941 1667967159341 0
17029 16852 16936 16957 1667967159416 17030 16852 16936 16957 1667967159451 0
17049 16871 16956 16977 1667967159549 17050 16871 16956 16977 1667967159573 0
17064 16887 16969 16985 1667967159650 17069 16892 16973 16985 1667967159661 0
17084 16907 16989 17005 1667967159754 17085 16907 16989 17005 1667967159765 0
17106 16930 17011 17026 1667967159873 17109 16930 17014 17026 1667967159884 0
17126 16950 17031 17045 1667967160041 17127 16950 17031 17045 1667967160043 0
17145 16968 17051 17073 1667967160156 17150 16968 17053 17076 1667967160165 0
17164 16977 17069 17094 1667967160217 17165 16977 17069 17094 1667967160219 0
17184 17000 17089 17110 1667967160291 17185 17000 17089 17110 1667967160297 0
17212 17037 17116 17148 1667967160427 17213 17037 17116 17148 1667967160430 0
17232 17057 17136 17168 1667967160596 17233 17057 17136 17168 1667967160598 0
17252 17077 17156 17188 1667967160715 17253 17077 17156 17188 1667967160720 0
17272 17097 17177 17208 1667967160866 17273 17097 17177 17208 1667967160869 0
17290 17112 17197 17226 1667967160965 17291 17112 17197 17226 1667967160968 0
17305 17128 17210 17233 1667967161040 17306 17128 17210 17233 1667967161045 0
17324 17140 17229 17253 1667967161112 17329 17140 17234 17257 1667967161162 0
17346 17160 17253 17274 1667967161308 17347 17160 17253 17274 1667967161313 0
17361 17176 17266 17282 1667967161410 17364 17176 17269 17282 1667967161415 0
17383 17198 17289 17302 1667967161508 17384 17198 17289 17302 1667967161508 0
17403 17218 17309 17322 1667967161652 17404 17218 17309 17322 1667967161655 0
17423 17238 17329 17342 1667967161743 17426 17241 17329 17342 1667967161758 0
17441 17256 17345 17362 1667967161807 17442 17256 17345 17362 1667967161807 0
17463 17278 17369 17382 1667967161911 17464 17278 17369 17382 1667967161918 0
17483 17298 17389 17402 1667967162038 17484 17298 17389 17402 1667967162047 0
17506 17323 17410 17434 1667967162181 17509 17323 17410 17437 1667967162185 0
17526 17343 17431 17454 1667967162305 17529 17343 17431 17457 1667967162315 0
17544 17360 17450 17472 1667967162400 17547 17362 17450 17473 1667967162417 0
17561 17376 17465 17482 1667967162493 17564 17379 17465 17482 1667967162512 0
17581 17395 17486 17503 1667967162571 17586 17401 17490 17503 1667967162588 0
17603 17418 17509 17522 1667967162733 17604 17418 17509 17522 1667967162741 0
17627 17440 17540 17557 1667967162878 17630 17440 17543 17557 1667967162900 0
17650 17466 17564 17586 1667967163032 17655 17470 17564 17591 1667967163038 0
17670 17486 17584 17606 1667967163161 17671 17486 17584 17606 1667967163168 0
17687 17502 17600 17616 1667967163263 17688 17502 17600 17616 1667967163277 0
17704 17519 17610 17631 1667967163341 17705 17519 17610 17631 1667967163345 0
17726 17543 17630 17654 1667967163448 17727 17543 17630 17654 1667967163456 0
17746 17563 17650 17674 1667967163615 17749 17563 17650 17677 1667967163622 0
17766 17583 17670 17694 1667967163689 17769 17583 17670 17697 1667967163701 0
17786 17603 17690 17714 1667967163767 17787 17603 17690 17714 1667967163773 0
17806 17623 17710 17734 1667967163895 17807 17623 17710 17734 1667967163903 0
17824 17640 17730 17752 1667967164016 17829 17644 17730 17757 1667967164029 0
17844 17660 17750 17772 1667967164151 17845 17660 17750 17772 1667967164155 0
17864 17680 17770 17792 1667967164303 17869 17684 17770 17797 1667967164318 0
17886 17703 17790 17814 1667967164478 17887 17703 17790 17814 1667967164484 0
17904 17720 17810 17832 1667967164594 17905 17720 17810 17832 1667967164598 0
17923 17736 17828 17842 1667967164728 17926 17741 17829 17842 1667967164732 0
17941 17756 17846 17862 1667967164838 17942 17756 17846 17862 1667967164845 0
17953 17761 17851 17873 1667967164858 17958 17765 17854 17875 1667967164884 0
17972 17779 17870 17882 1667967164983 17977 17784 17871 17888 1667967165039 0
17994 17801 17892 17906 1667967165158 17995 17801 17892 17906 1667967165158 0
18012 17819 17910 17922 1667967165236 18015 17821 17911 17927 1667967165250 0
18034 17841 17930 17947 1667967165375 18035 17841 17930 17947 1667967165375 0
18054 17861 17950 17967 1667967165522 18055 17861 17950 17967 1667967165536 0
18074 17881 17971 17987 1667967165667 18077 17884 17971 17987 1667967165681 0
18092 17899 17990 18004 1667967165800 18093 17899 17990 18004 1667967165800 0
18114 17921 18012 18026 1667967165906 18115 17921 18012 18026 1667967165931 0
18132 17939 18029 18045 1667967166011 18133 17939 18029 18045 1667967166024 0
18157 17966 18054 18077 1667967166113 18160 17966 18054 18080 1667967166120 0
18177 17984 18076 18097 1667967166239 18178 17984 18076 18097 1667967166241 0
18197 18003 18096 18117 1667967166333 18198 18003 18096 18117 1667967166335 0
18212 18019 18109 18125 1667967166431 18213 18019 18109 18125 1667967166436 0
18231 18029 18128 18143 1667967166526 18232 18029 18128 18143 1667967166526 0
18251 18049 18148 18165 1667967166655 18252 18049 18148 18165 1667967166665 0
18268 18069 18156 18180 1667967166738 18271 18069 18156 18183 1667967166742 0
18288 18089 18176 18200 1667967166849 18289 18089 18176 18200 1667967166858 0
18303 18102 18191 18208 1667967166932 18304 18102 18191 18208 1667967166934 0
18323 18122 18212 18228 1667967167054 18324 18122 18212 18228 1667967167060 0
18345 18144 18235 18248 1667967167148 18346 18144 18235 18248 1667967167148 0
18365 18164 18254 18270 1667967167185 18368 18167 18254 18270 1667967167215 0
18383 18182 18273 18287 1667967167289 18384 18182 18273 18287 1667967167295 0
18403 18202 18293 18307 1667967167386 18404 18202 18293 18307 1667967167393 0
18423 18223 18313 18327 1667967167538 18424 18223 18313 18327 1667967167542 0
18445 18244 18333 18350 1667967167656 18446 18244 18333 18350 1667967167660 0
18465 18264 18353 18370 1667967167821 18466 18264 18353 18370 1667967167849 0
18485 18284 18374 18390 1667967167948 18486 18284 18374 18390 1667967167951 0
18504 18303 18401 18408 1667967168097 18507 18306 18402 18408 1667967168109 0
18525 18324 18416 18429 1667967168182 18528 18324 18416 18432 1667967168207 0
18543 18340 18434 18447 1667967168285 18544 18340 18434 18447 1667967168288 0
18563 18362 18453 18467 1667967168350 18568 18365 18453 18470 1667967168356 0
18583 18383 18473 18487 1667967168427 18584 18383 18473 18487 1667967168431 0
18606 18406 18504 18510 1667967168543 18607 18406 18504 18510 1667967168543 0
18628 18426 18527 18532 1667967168672 18629 18426 18527 18532 1667967168679 0
18648 18446 18547 18552 1667967168773 18649 18446 18547 18552 1667967168775 0
18666 18464 18565 18570 1667967168819 18667 18464 18565 18570 1667967168834 0
18686 18485 18584 18590 1667967168908 18691 18490 18584 18594 1667967168920 0
18717 18524 18621 18630 1667967169091 18718 18524 18621 18630 1667967169094 0
18737 18544 18641 18650 1667967169205 18738 18544 18641 18650 1667967169216 0
18754 18552 18661 18666 1667967169310 18755 18552 18661 18666 1667967169314 0
18771 18571 18676 18674 1667967169391 18772 18571 18676 18674 1667967169397 0
18789 18588 18694 18694 1667967169452 18792 18588 18697 18694 1667967169457 0
18806 18598 18711 18711 1667967169495 18809 18598 18713 18713 1667967169500 0
18825 18618 18721 18729 1667967169535 18826 18618 18721 18729 1667967169542 0
18846 18635 18751 18752 1667967169652 18847 18635 18751 18752 1667967169652 0
18866 18657 18771 18771 1667967169746 18867 18657 18771 18771 1667967169746 0
18883 18667 18788 18786 1667967169810 18886 18668 18790 18790 1667967169820 0
18905 18687 18810 18811 1667967169925 18906 18687 18810 18811 1667967169937 0
18923 18707 18828 18828 1667967170032 18924 18707 18828 18828 1667967170038 0
18948 18739 18852 18853 1667967170165 18949 18739 18852 18853 1667967170169 0
18968 18759 18872 18873 1667967170277 18969 18759 18872 18873 1667967170279 0
18988 18779 18892 18893 1667967170416 18991 18782 18892 18893 1667967170431 0
19004 18795 18909 18908 1667967170573 19007 18796 18912 18909 1667967170579 0
19027 18818 18940 18932 1667967170643 19028 18818 18940 18932 1667967170643 0
19048 18832 18961 18952 1667967170713 19051 18832 18964 18952 1667967170739 0
19068 18852 18981 18971 1667967170851 19069 18852 18981 18971 1667967170861 0
19088 18872 19001 18991 1667967170953 19091 18872 19004 18991 1667967170977 0
19106 18890 19019 19008 1667967171075 19107 18890 19019 19008 1667967171075 0
19125 18910 19029 19029 1667967171161 19128 18910 19029 19032 1667967171173 0
19145 18930 19049 19049 1667967171293 19146 18930 19049 19049 1667967171296 0
19163 18945 19070 19067 1667967171401 19164 18945 19070 19067 1667967171427 0
19182 18965 19088 19077 1667967171509 19185 18968 19088 19077 1667967171525 0
19200 18983 19105 19097 1667967171634 19205 18987 19110 19097 1667967171657 0
19222 19006 19127 19117 1667967171750 19223 19006 19127 19117 1667967171763 0
19241 19025 19146 19146 1667967171810 19246 19028 19151 19146 1667967171823 0
19268 19061 19172 19172 1667967171876 19271 19061 19172 19175 1667967171905 0
19288 19081 19193 19192 1667967172003 19289 19081 19193 19192 1667967172029 0
19306 19098 19212 19210 1667967172160 19307 19098 19212 19210 1667967172171 0
19328 19121 19232 19232 1667967172287 19329 19121 19232 19232 1667967172293 0
19346 19139 19249 19250 1667967172399 19347 19139 19249 19250 1667967172399 0
19366 19158 19272 19270 1667967172500 19371 19158 19276 19275 1667967172512 0
19386 19175 19293 19290 1667967172631 19391 19182 19293 19294 1667967172655 0
19408 19199 19312 19313 1667967172782 19411 19202 19312 19313 1667967172794 0
19428 19219 19332 19333 1667967172891 19429 19219 19332 19333 1667967172896 0
19444 19235 19349 19348 1667967172944 19445 19235 19349 19348 1667967172953 0
19466 19257 19371 19371 1667967173051 19467 19257 19371 19371 1667967173073 0
19488 19279 19394 19391 1667967173224 19491 19282 19394 19391 1667967173228 0
19508 19299 19414 19411 1667967173362 19509 19299 19414 19411 1667967173372 0
19523 19307 19428 19426 1667967173449 19526 19307 19431 19426 1667967173464 0
19545 19327 19452 19449 1667967173589 19546 19327 19452 19449 1667967173592 0
19560 19343 19465 19457 1667967173697 19563 19345 19465 19457 1667967173705 0
19582 19366 19487 19477 1667967173858 19583 19366 19487 19477 1667967173867 0
19599 19382 19495 19496 1667967173950 19602 19385 19495 19496 1667967173974 0
19622 19406 19527 19517 1667967174051 19623 19406 19527 19517 1667967174057 0
19635 19420 19534 19533 1667967174076 19636 19420 19534 19533 1667967174079 0
19656 19441 19544 19552 1667967174141 19657 19441 19544 19552 1667967174141 0
19674 19456 19565 19570 1667967174243 19675 19456 19565 19570 1667967174243 0
19694 19478 19584 19590 1667967174349 19695 19478 19584 19590 1667967174352 0
19716 19501 19604 19612 1667967174470 19717 19501 19604 19612 1667967174473 0
19736 19521 19624 19632 1667967174610 19737 19521 19624 19632 1667967174616 0
19756 19541 19644 19652 1667967174720 19757 19541 19644 19652 1667967174723 0
19779 19561 19676 19677 1667967174875 19782 19561 19679 19677 1667967174889 0
19797 19581 19694 19694 1667967175011 19798 19581 19694 19694 1667967175014 0
19819 19604 19716 19715 1667967175116 19820 19604 19716 19715 1667967175126 0
19834 19617 19732 19720 1667967175198 19839 19622 19733 19725 1667967175206 0
