19 13 18 17 1667967073258 19 16 18 20 1667967073260 1
38 33 38 36 1667967073353 38 34 38 36 1667967073358 1
59 53 58 57 1667967073437 61 56 58 57 1667967073459 1
85 81 103 85 1667967073539 85 82 103 85 1667967073565 1
101 96 116 93 1667967073609 105 101 122 93 1667967073626 1
122 116 137 109 1667967073684 122 117 137 109 1667967073690 1
157 142 160 146 1667967073737 157 143 160 146 1667967073756 1
174 161 175 165 1667967073796 174 164 175 168 1667967073820 1
190 177 190 181 1667967073875 190 182 195 185 1667967073885 1
200 196 209 201 1667967073912 204 199 209 201 1667967073915 1
220 215 218 219 1667967074024 223 218 218 219 1667967074033 1
240 235 240 238 1667967074122 240 236 240 238 1667967074126 1
258 251 257 256 1667967074199 258 252 257 256 1667967074201 1
263 265 262 269 1667967074230 263 266 262 269 1667967074235 1
283 286 276 290 1667967074262 283 287 276 290 1667967074274 1
296 299 288 294 1667967074317 296 300 288 294 1667967074326 1
317 321 311 317 1667967074420 317 322 311 317 1667967074424 1
323 333 322 321 1667967074433 327 340 328 328 1667967074472 1
359 361 350 357 1667967074534 359 362 350 357 1667967074538 1
380 383 371 379 1667967074586 383 386 371 379 1667967074591 1
400 403 392 398 1667967074689 400 404 392 398 1667967074689 1
420 423 412 417 1667967074790 420 424 412 417 1667967074791 1
428 440 429 437 1667967074858 428 443 432 437 1667967074877 1
445 456 445 452 1667967074948 450 463 451 459 1667967074964 1
476 479 468 475 1667967075025 476 480 468 475 1667967075030 1
481 490 472 479 1667967075035 481 493 474 479 1667967075041 1
505 514 494 502 1667967075127 505 515 494 502 1667967075132 1
523 532 510 520 1667967075214 523 535 510 523 1667967075233 1
542 552 533 540 1667967075281 542 555 536 540 1667967075285 1
579 581 578 567 1667967075381 579 582 578 567 1667967075387 1
599 603 601 591 1667967075438 599 604 601 591 1667967075446 1
636 630 643 618 1667967075566 636 631 643 618 1667967075566 1
653 648 661 636 1667967075634 659 655 668 640 1667967075669 1
692 679 700 675 1667967075771 695 684 703 675 1667967075777 1
714 701 722 698 1667967075837 714 704 725 698 1667967075846 1
745 725 747 729 1667967075938 751 730 747 732 1667967075978 1
768 747 766 751 1667967076033 771 750 766 751 1667967076052 1
788 767 786 771 1667967076128 788 768 786 771 1667967076138 1
814 791 818 803 1667967076244 814 794 823 804 1667967076262 1
830 808 837 809 1667967076304 831 813 841 817 1667967076323 1
850 830 860 834 1667967076405 850 831 860 834 1667967076407 1
892 862 907 873 1667967076526 892 863 907 873 1667967076529 1
912 882 927 893 1667967076602 912 885 930 893 1667967076629 1
929 900 945 912 1667967076718 929 901 945 912 1667967076721 1
941 919 964 930 1667967076799 941 922 967 930 1667967076806 1
958 937 982 949 1667967076901 958 938 982 949 1667967076903 1
977 956 991 968 1667967076971 977 957 991 968 1667967076978 1
989 975 1020 995 1667967077054 989 976 1020 995 1667967077058 1
1004 991 1026 1003 1667967077082 1007 994 1026 1003 1667967077089 1
1027 1013 1050 1023 1667967077185 1027 1014 1050 1023 1667967077190 1
1044 1031 1068 1043 1667967077233 1044 1032 1068 1043 1667967077233 1
1052 1047 1077 1059 1667967077288 1052 1048 1077 1059 1667967077294 1
1087 1073 1110 1083 1667967077416 1087 1074 1110 1083 1667967077420 1
1107 1093 1130 1103 1667967077514 1107 1096 1133 1103 1667967077530 1
1124 1111 1148 1123 1667967077606 1124 1114 1151 1123 1667967077613 1
1134 1130 1167 1141 1667967077639 1134 1133 1170 1141 1667967077667 1
1154 1148 1185 1160 1667967077722 1154 1149 1185 1160 1667967077728 1
1173 1167 1204 1169 1667967077757 1173 1170 1207 1169 1667967077816 1
1212 1199 1245 1219 1667967077915 1212 1200 1245 1219 1667967077915 1
1238 1217 1262 1226 1667967077983 1241 1220 1262 1226 1667967077985 1
1259 1240 1293 1253 1667967078077 1259 1241 1293 1253 1667967078080 1
1280 1259 1304 1270 1667967078124 1280 1260 1304 1270 1667967078136 1
1288 1274 1319 1286 1667967078189 1288 1275 1319 1286 1667967078194 1
1339 1308 1367 1320 1667967078347 1339 1311 1367 1323 1667967078361 1
1356 1326 1387 1338 1667967078453 1356 1329 1387 1341 1667967078459 1
1377 1348 1407 1360 1667967078576 1377 1349 1407 1360 1667967078585 1
1395 1366 1427 1377 1667967078699 1397 1369 1427 1381 1667967078707 1
1407 1384 1446 1405 1667967078741 1412 1391 1449 1409 1667967078775 1
1429 1408 1469 1427 1667967078819 1429 1409 1469 1427 1667967078823 1
1449 1428 1489 1447 1667967078892 1449 1429 1489 1447 1667967078898 1
1469 1448 1509 1467 1667967078997 1469 1449 1509 1467 1667967079012 1
1489 1468 1528 1488 1667967079083 1492 1471 1528 1488 1667967079103 1
1507 1486 1547 1504 1667967079151 1507 1487 1547 1504 1667967079157 1
1548 1518 1587 1554 1667967079268 1552 1523 1587 1557 1667967079337 1
1567 1538 1604 1574 1667967079395 1567 1539 1604 1574 1667967079403 1
1584 1555 1616 1590 1667967079454 1584 1556 1616 1590 1667967079462 1
1627 1582 1650 1617 1667967079625 1627 1583 1650 1617 1667967079627 1
1658 1605 1673 1640 1667967079686 1661 1608 1673 1640 1667967079704 1
1682 1629 1699 1665 1667967079789 1682 1630 1699 1665 1667967079802 1
1700 1646 1715 1673 1667967079837 1700 1649 1718 1673 1667967079857 1
1720 1666 1735 1693 1667967079973 1720 1667 1735 1693 1667967079986 1
1736 1684 1753 1713 1667967080074 1736 1685 1753 1713 1667967080076 1
1756 1704 1773 1733 1667967080174 1756 1705 1773 1733 1667967080181 1
1780 1726 1795 1752 1667967080270 1780 1729 1798 1752 1667967080284 1
1797 1744 1813 1772 1667967080377 1797 1747 1816 1772 1667967080390 1
1819 1766 1834 1794 1667967080477 1819 1767 1834 1794 1667967080484 1
1839 1786 1853 1814 1667967080605 1839 1787 1853 1814 1667967080611 1
1859 1806 1874 1834 1667967080677 1859 1807 1874 1834 1667967080687 1
1867 1823 1893 1851 1667967080707 1867 1824 1893 1851 1667967080707 1
1885 1839 1908 1867 1667967080764 1890 1846 1915 1871 1667967080808 1
1906 1861 1930 1889 1667967080955 1906 1862 1930 1889 1667967080957 1
1921 1876 1936 1904 1667967080999 1924 1879 1936 1904 1667967081018 1
1935 1890 1943 1910 1667967081032 1935 1891 1943 1910 1667967081034 1
1956 1909 1952 1929 1667967081086 1956 1914 1959 1933 1667967081121 1
1991 1938 1991 1966 1667967081260 1994 1941 1991 1966 1667967081269 1
2011 1958 2011 1986 1667967081302 2011 1959 2011 1986 1667967081311 1
2027 1983 2044 2020 1667967081357 2027 1984 2044 2020 1667967081371 1
2047 2003 2064 2040 1667967081480 2047 2004 2064 2040 1667967081488 1
2065 2018 2069 2054 1667967081516 2065 2021 2069 2057 1667967081539 1
2084 2040 2093 2077 1667967081618 2084 2041 2093 2077 1667967081623 1
2114 2061 2112 2097 1667967081675 2114 2062 2112 2097 1667967081677 1
2137 2083 2136 2117 1667967081788 2137 2084 2136 2117 1667967081800 1
2157 2103 2156 2137 1667967081882 2157 2106 2159 2137 1667967081917 1
2178 2126 2180 2170 1667967082059 2178 2127 2180 2170 1667967082067 1
2195 2144 2198 2188 1667967082150 2202 2149 2198 2191 1667967082165 1
2217 2164 2217 2207 1667967082203 2217 2165 2217 2207 1667967082205 1
2237 2184 2234 2228 1667967082269 2240 2187 2234 2228 1667967082308 1
2271 2210 2263 2261 1667967082409 2271 2211 2263 2261 1667967082409 1
2308 2239 2307 2291 1667967082492 2309 2242 2311 2291 1667967082506 1
2318 2256 2325 2308 1667967082532 2318 2261 2329 2313 1667967082563 1
2346 2277 2345 2328 1667967082646 2351 2282 2345 2332 1667967082654 1
2375 2304 2372 2364 1667967082748 2375 2305 2372 2364 1667967082765 1
2392 2322 2391 2382 1667967082835 2392 2325 2391 2385 1667967082848 1
2418 2348 2425 2416 1667967082950 2418 2351 2428 2416 1667967082954 1
2434 2365 2442 2425 1667967083024 2438 2370 2447 2425 1667967083058 1
2454 2385 2462 2445 1667967083115 2454 2386 2462 2445 1667967083131 1
2459 2397 2466 2457 1667967083161 2459 2398 2466 2457 1667967083161 1
2480 2419 2488 2479 1667967083215 2485 2424 2491 2479 1667967083260 1
2502 2441 2510 2499 1667967083387 2505 2444 2510 2499 1667967083406 1
2520 2459 2528 2516 1667967083493 2520 2462 2529 2521 1667967083517 1
2544 2482 2559 2539 1667967083630 2545 2485 2560 2545 1667967083675 1
2564 2501 2568 2561 1667967083770 2564 2504 2568 2564 1667967083791 1
2581 2519 2588 2579 1667967083908 2581 2520 2588 2579 1667967083909 1
2588 2536 2606 2596 1667967083957 2588 2539 2606 2599 1667967083964 1
2611 2558 2627 2617 1667967084040 2614 2561 2627 2617 1667967084062 1
2629 2576 2644 2636 1667967084142 2630 2579 2648 2636 1667967084147 1
2649 2596 2664 2656 1667967084193 2653 2601 2670 2656 1667967084222 1
2670 2616 2685 2674 1667967084262 2670 2617 2685 2674 1667967084269 1
2698 2637 2705 2696 1667967084357 2698 2638 2705 2696 1667967084362 1
2729 2660 2729 2720 1667967084411 2729 2661 2729 2720 1667967084419 1
2749 2682 2751 2743 1667967084481 2754 2687 2754 2743 1667967084529 1
2773 2704 2773 2765 1667967084599 2773 2707 2776 2765 1667967084617 1
2792 2724 2793 2785 1667967084694 2792 2727 2796 2785 1667967084717 1
2812 2742 2811 2802 1667967084765 2812 2743 2811 2802 1667967084770 1
2830 2761 2830 2814 1667967084825 2830 2762 2830 2814 1667967084841 1
2849 2781 2850 2834 1667967084927 2849 2782 2850 2834 1667967084929 1
2866 2799 2868 2852 1667967085034 2866 2800 2868 2852 1667967085035 1
2892 2824 2894 2884 1667967085152 2892 2825 2894 2884 1667967085158 1
2924 2847 2914 2907 1667967085320 2924 2848 2914 2907 1667967085327 1
2942 2865 2934 2923 1667967085408 2947 2870 2935 2928 1667967085438 1
2962 2885 2951 2945 1667967085482 2962 2886 2951 2945 1667967085492 1
2982 2905 2973 2965 1667967085564 2983 2908 2977 2965 1667967085570 1
3002 2925 2992 2985 1667967085616 3006 2930 2999 2986 1667967085634 1
3025 2947 3016 3005 1667967085731 3025 2948 3016 3005 1667967085737 1
3047 2968 3035 3036 1667967085839 3047 2969 3035 3036 1667967085846 1
3066 2988 3057 3054 1667967085906 3067 2993 3062 3060 1667967085932 1
3083 3008 3075 3076 1667967086048 3083 3009 3075 3076 1667967086050 1
3104 3027 3086 3095 1667967086122 3104 3028 3086 3095 1667967086122 1
3124 3047 3106 3115 1667967086212 3124 3048 3106 3115 1667967086220 1
3142 3065 3126 3132 1667967086290 3144 3068 3126 3136 1667967086308 1
3149 3080 3141 3148 1667967086332 3154 3085 3141 3153 1667967086342 1
3184 3107 3167 3175 1667967086439 3184 3108 3167 3175 1667967086440 1
3192 3122 3181 3190 1667967086498 3192 3123 3181 3190 1667967086502 1
3213 3142 3201 3210 1667967086556 3213 3143 3201 3210 1667967086556 1
3242 3165 3226 3231 1667967086623 3242 3166 3226 3231 1667967086626 1
3252 3182 3243 3250 1667967086659 3252 3185 3246 3251 1667967086683 1
3279 3202 3261 3262 1667967086753 3279 3203 3261 3262 1667967086757 1
3301 3224 3285 3282 1667967086843 3301 3225 3285 3282 1667967086847 1
3321 3244 3305 3302 1667967086982 3324 3247 3305 3302 1667967086998 1
3339 3262 3322 3322 1667967087101 3340 3265 3326 3322 1667967087111 1
3350 3282 3344 3350 1667967087157 3350 3283 3344 3350 1667967087157 1
3369 3300 3360 3367 1667967087203 3370 3303 3364 3368 1667967087225 1
3378 3318 3379 3377 1667967087242 3378 3319 3379 3377 1667967087265 1
3398 3336 3397 3394 1667967087306 3398 3337 3397 3394 1667967087311 1
3411 3350 3403 3400 1667967087333 3413 3353 3404 3405 1667967087351 1
3433 3373 3434 3426 1667967087420 3433 3374 3434 3426 1667967087424 1
3473 3404 3472 3464 1667967087495 3473 3405 3472 3464 1667967087495 1
3493 3424 3493 3483 1667967087563 3496 3427 3493 3483 1667967087587 1
3518 3447 3514 3515 1667967087713 3518 3448 3514 3515 1667967087717 1
3536 3465 3531 3533 1667967087758 3536 3466 3531 3533 1667967087772 1
3556 3485 3552 3553 1667967087882 3556 3488 3557 3554 1667967087889 1
3575 3505 3574 3573 1667967088038 3575 3510 3578 3578 1667967088051 1
3595 3525 3594 3593 1667967088139 3595 3530 3598 3598 1667967088178 1
3612 3543 3612 3611 1667967088240 3612 3546 3612 3614 1667967088259 1
3636 3566 3634 3642 1667967088348 3636 3569 3634 3645 1667967088363 1
3662 3593 3663 3677 1667967088453 3662 3596 3663 3680 1667967088464 1
3693 3616 3684 3700 1667967088547 3693 3617 3684 3700 1667967088547 1
3713 3636 3703 3720 1667967088644 3713 3637 3703 3720 1667967088667 1
3734 3655 3725 3748 1667967088726 3735 3658 3725 3748 1667967088728 1
3748 3669 3731 3754 1667967088749 3750 3674 3735 3754 1667967088759 1
3780 3694 3755 3778 1667967088842 3780 3697 3755 3781 1667967088845 1
3818 3725 3802 3807 1667967088966 3821 3728 3802 3807 1667967088974 1
3853 3752 3836 3844 1667967089097 3853 3753 3836 3844 1667967089117 1
3860 3769 3854 3862 1667967089153 3860 3772 3857 3862 1667967089173 1
3882 3789 3874 3879 1667967089248 3882 3790 3874 3879 1667967089253 1
3906 3811 3894 3903 1667967089334 3906 3812 3894 3903 1667967089343 1
3921 3827 3912 3919 1667967089378 3921 3830 3915 3920 1667967089394 1
3939 3844 3930 3929 1667967089424 3944 3851 3933 3933 1667967089464 1
3959 3866 3951 3949 1667967089516 3961 3869 3951 3953 1667967089544 1
3970 3885 3971 3969 1667967089632 3970 3886 3971 3969 1667967089655 1
3999 3906 3991 3989 1667967089779 4004 3911 3991 3995 1667967089819 1
4018 3926 4012 4010 1667967089884 4022 3929 4012 4010 1667967089893 1
4036 3941 4027 4018 1667967089917 4036 3942 4027 4018 1667967089917 1
4046 3959 4035 4035 1667967089940 4046 3960 4035 4035 1667967089940 1
4075 3982 4067 4048 1667967090059 4078 3985 4067 4048 1667967090097 1
4093 4000 4084 4068 1667967090232 4093 4001 4084 4068 1667967090237 1
4131 4031 4124 4108 1667967090459 4131 4032 4124 4108 1667967090460 1
4151 4049 4142 4123 1667967090505 4151 4050 4142 4123 1667967090508 1
4188 4078 4179 4159 1667967090623 4189 4081 4180 4165 1667967090647 1
4206 4095 4185 4179 1667967090680 4206 4096 4185 4179 1667967090682 1
4247 4122 4223 4206 1667967090774 4248 4125 4226 4206 1667967090786 1
4273 4149 4258 4234 1667967090860 4273 4150 4258 4234 1667967090865 1
4302 4169 4269 4253 1667967090938 4302 4170 4269 4253 1667967090938 1
4338 4197 4314 4288 1667967091091 4339 4200 4315 4292 1667967091104 1
4363 4221 4338 4312 1667967091170 4363 4222 4338 4312 1667967091176 1
4380 4239 4356 4331 1667967091298 4384 4244 4361 4331 1667967091313 1
4400 4259 4376 4351 1667967091410 4405 4264 4379 4351 1667967091413 1
4418 4277 4393 4368 1667967091438 4418 4278 4393 4368 1667967091438 1
4453 4304 4421 4395 1667967091588 4456 4307 4421 4395 1667967091602 1
4473 4324 4440 4416 1667967091670 4473 4325 4440 4416 1667967091694 1
4494 4345 4470 4437 1667967091756 4498 4350 4475 4437 1667967091762 1
4513 4365 4490 4458 1667967091826 4513 4366 4490 4458 1667967091833 1
4523 4380 4506 4473 1667967091866 4525 4385 4510 4473 1667967091897 1
4545 4402 4525 4494 1667967091928 4545 4407 4531 4499 1667967091963 1
4576 4427 4550 4517 1667967092079 4579 4430 4550 4517 1667967092094 1
4592 4445 4570 4534 1667967092143 4592 4446 4570 4534 1667967092148 1
4616 4465 4590 4557 1667967092185 4616 4466 4590 4557 1667967092187 1
4626 4477 4594 4561 1667967092205 4627 4480 4597 4561 1667967092210 1
4633 4491 4608 4567 1667967092225 4633 4494 4611 4567 1667967092230 1
4641 4508 4625 4584 1667967092267 4641 4511 4628 4585 1667967092284 1
4653 4529 4647 4605 1667967092371 4653 4532 4647 4608 1667967092389 1
4683 4550 4664 4626 1667967092550 4686 4553 4664 4626 1667967092563 1
4700 4567 4676 4642 1667967092630 4705 4572 4676 4646 1667967092660 1
4722 4589 4696 4665 1667967092746 4722 4590 4696 4665 1667967092755 1
4742 4609 4716 4685 1667967092947 4742 4610 4716 4685 1667967092971 1
4762 4629 4736 4705 1667967093088 4762 4630 4736 4705 1667967093120 1
4780 4647 4756 4722 1667967093306 4782 4650 4756 4726 1667967093330 1
4791 4664 4771 4740 1667967093371 4791 4669 4776 4743 1667967093417 1
4810 4686 4795 4763 1667967093468 4810 4687 4795 4763 1667967093472 1
4831 4706 4815 4783 1667967093521 4831 4707 4815 4783 1667967093536 1
4850 4724 4833 4800 1667967093620 4850 4727 4834 4803 1667967093626 1
4870 4744 4853 4818 1667967093711 4871 4749 4857 4825 1667967093747 1
4890 4766 4876 4842 1667967093859 4890 4769 4876 4845 1667967093879 1
4910 4784 4893 4860 1667967093945 4910 4787 4896 4861 1667967093954 1
4940 4807 4916 4882 1667967093999 4942 4810 4916 4886 1667967094002 1
4962 4829 4938 4904 1667967094106 4962 4830 4938 4904 1667967094110 1
4967 4844 4953 4921 1667967094190 4967 4845 4953 4921 1667967094196 1
4991 4866 4975 4940 1667967094309 4994 4869 4975 4940 1667967094344 1
5011 4886 4995 4960 1667967094436 5011 4887 4995 4960 1667967094437 1
5027 4902 5011 4978 1667967094480 5032 4907 5011 4983 1667967094486 1
5048 4922 5031 4998 1667967094537 5052 4929 5037 5005 1667967094551 1
5070 4944 5053 5020 1667967094629 5070 4947 5053 5023 1667967094642 1
5088 4964 5073 5041 1667967094730 5088 4967 5076 5041 1667967094774 1
5111 4986 5095 5060 1667967094887 5114 4988 5095 5060 1667967094887 1
5133 5007 5116 5091 1667967094958 5133 5008 5116 5091 1667967094962 1
5156 5029 5136 5113 1667967095009 5156 5030 5136 5113 1667967095012 1
5171 5045 5153 5129 1667967095087 5171 5046 5153 5129 1667967095087 1
5191 5067 5176 5152 1667967095147 5191 5068 5176 5152 1667967095152 1
5200 5081 5180 5165 1667967095167 5200 5084 5180 5168 1667967095184 1
5219 5101 5202 5185 1667967095234 5219 5102 5202 5185 1667967095236 1
5237 5120 5214 5204 1667967095290 5237 5123 5214 5207 1667967095300 1
5266 5141 5234 5224 1667967095444 5266 5142 5234 5224 1667967095447 1
5287 5161 5254 5245 1667967095561 5291 5166 5254 5248 1667967095580 1
5308 5183 5275 5267 1667967095654 5308 5184 5275 5267 1667967095660 1
5327 5202 5303 5285 1667967095739 5330 5205 5303 5285 1667967095741 1
5345 5219 5320 5295 1667967095795 5348 5224 5325 5295 1667967095803 1
5379 5244 5345 5320 1667967095839 5379 5249 5350 5324 1667967095857 1
5399 5266 5367 5343 1667967095941 5399 5267 5367 5343 1667967095946 1
5420 5286 5387 5361 1667967096053 5420 5287 5387 5361 1667967096068 1
5439 5306 5407 5383 1667967096163 5439 5307 5407 5383 1667967096186 1
5460 5326 5427 5401 1667967096297 5460 5329 5430 5401 1667967096327 1
5480 5346 5447 5420 1667967096436 5480 5347 5447 5420 1667967096438 1
5500 5366 5467 5440 1667967096524 5500 5367 5467 5440 1667967096531 1
5517 5384 5485 5460 1667967096655 5517 5385 5485 5460 1667967096660 1
5538 5404 5505 5477 1667967096746 5538 5405 5505 5477 1667967096752 1
5558 5426 5527 5503 1667967096834 5558 5427 5527 5503 1667967096839 1
5592 5452 5553 5535 1667967096928 5592 5453 5553 5535 1667967096928 1
5613 5472 5573 5557 1667967096997 5613 5473 5573 5557 1667967097016 1
5642 5493 5592 5577 1667967097062 5642 5494 5592 5577 1667967097068 1
5667 5518 5627 5603 1667967097211 5667 5521 5630 5603 1667967097237 1
5698 5541 5649 5625 1667967097353 5701 5544 5649 5625 1667967097366 1
5718 5561 5668 5645 1667967097481 5718 5562 5668 5645 1667967097489 1
5742 5584 5701 5666 1667967097607 5742 5585 5701 5666 1667967097612 1
5758 5600 5717 5683 1667967097674 5762 5607 5724 5690 1667967097705 1
5780 5624 5741 5709 1667967097791 5780 5625 5741 5709 1667967097797 1
5820 5656 5782 5756 1667967097921 5820 5659 5782 5759 1667967097934 1
5856 5682 5815 5780 1667967098029 5856 5685 5818 5780 1667967098032 1
5876 5702 5835 5800 1667967098162 5876 5703 5835 5800 1667967098170 1
5894 5722 5855 5821 1667967098278 5894 5725 5858 5821 1667967098296 1
5922 5741 5873 5840 1667967098425 5929 5748 5878 5846 1667967098470 1
5946 5765 5896 5865 1667967098580 5946 5766 5896 5865 1667967098586 1
5966 5785 5916 5885 1667967098701 5966 5786 5916 5885 1667967098708 1
5972 5800 5934 5900 1667967098745 5972 5801 5934 5900 1667967098747 1
5984 5817 5948 5917 1667967098781 5984 5822 5954 5922 1667967098796 1
6004 5839 5973 5939 1667967098865 6004 5840 5973 5939 1667967098870 1
6026 5859 5991 5959 1667967098963 6026 5860 5991 5959 1667967098966 1
6046 5879 6011 5979 1667967099025 6046 5880 6011 5979 1667967099025 1
6066 5899 6031 5999 1667967099105 6066 5900 6031 5999 1667967099107 1
6081 5916 6049 6006 1667967099177 6084 5919 6049 6006 1667967099183 1
6101 5936 6069 6026 1667967099297 6101 5937 6069 6026 1667967099300 1
6109 5953 6086 6046 1667967099376 6109 5956 6089 6046 1667967099401 1
6141 5976 6109 6066 1667967099552 6141 5977 6109 6066 1667967099561 1
6166 5999 6130 6099 1667967099705 6166 6000 6130 6099 1667967099714 1
6184 6019 6150 6117 1667967099813 6184 6020 6150 6117 1667967099817 1
6216 6043 6183 6143 1667967099953 6219 6046 6183 6143 1667967099958 1
6239 6065 6206 6163 1667967100059 6239 6066 6206 6163 1667967100065 1
6255 6082 6215 6181 1667967100126 6258 6085 6215 6181 1667967100149 1
6275 6101 6233 6209 1667967100206 6275 6102 6233 6209 1667967100206 1
6293 6120 6243 6228 1667967100232 6297 6125 6250 6229 1667967100259 1
6317 6145 6271 6261 1667967100417 6317 6148 6271 6264 1667967100432 1
6338 6165 6291 6281 1667967100549 6338 6166 6291 6281 1667967100587 1
6371 6189 6322 6302 1667967100757 6371 6192 6325 6302 1667967100761 1
6394 6211 6343 6327 1667967100891 6394 6212 6343 6327 1667967100920 1
6414 6231 6362 6347 1667967101030 6414 6234 6362 6350 1667967101044 1
6432 6251 6383 6367 1667967101112 6432 6254 6383 6370 1667967101119 1
6451 6269 6402 6385 1667967101156 6451 6272 6405 6386 1667967101160 1
6468 6287 6420 6403 1667967101195 6473 6292 6423 6404 1667967101205 1
6487 6306 6437 6414 1667967101271 6491 6311 6444 6415 1667967101295 1
6510 6328 6461 6434 1667967101420 6510 6329 6461 6434 1667967101424 1
6527 6346 6479 6454 1667967101528 6527 6347 6479 6454 1667967101528 1
6537 6363 6496 6469 1667967101617 6537 6364 6496 6469 1667967101620 1
6555 6382 6515 6483 1667967101720 6555 6385 6518 6483 1667967101755 1
6586 6405 6538 6503 1667967101876 6586 6406 6538 6503 1667967101881 1
6606 6425 6558 6523 1667967101977 6606 6426 6558 6523 1667967101977 1
6626 6445 6578 6544 1667967102102 6626 6446 6578 6544 1667967102120 1
6644 6463 6595 6563 1667967102231 6644 6464 6595 6563 1667967102243 1
6663 6482 6605 6582 1667967102327 6663 6483 6605 6582 1667967102330 1
6681 6500 6625 6599 1667967102452 6683 6503 6625 6603 1667967102457 1
6703 6522 6645 6622 1667967102591 6703 6523 6645 6622 1667967102595 1
6723 6542 6665 6642 1667967102696 6723 6543 6665 6642 1667967102696 1
6741 6560 6685 6659 1667967102842 6741 6561 6685 6659 1667967102845 1
6765 6582 6705 6682 1667967102962 6765 6585 6705 6685 1667967102967 1
6780 6600 6726 6700 1667967103053 6780 6601 6726 6700 1667967103057 1
6801 6620 6745 6719 1667967103156 6806 6625 6745 6725 1667967103174 1
6825 6642 6766 6742 1667967103279 6825 6643 6766 6742 1667967103290 1
6840 6660 6786 6760 1667967103437 6840 6661 6786 6760 1667967103449 1
6854 6679 6803 6779 1667967103529 6854 6680 6803 6779 1667967103531 1
6874 6699 6823 6799 1667967103609 6874 6702 6823 6802 1667967103620 1
6894 6719 6842 6819 1667967103688 6894 6720 6842 6819 1667967103692 1
6912 6737 6859 6837 1667967103783 6912 6738 6859 6837 1667967103783 1
6931 6759 6885 6859 1667967103905 6931 6760 6885 6859 1667967103907 1
6952 6777 6900 6877 1667967104054 6952 6778 6900 6877 1667967104056 1
6973 6799 6924 6898 1667967104159 6973 6802 6927 6898 1667967104179 1
6992 6819 6944 6920 1667967104277 6992 6820 6944 6920 1667967104287 1
7011 6837 6962 6937 1667967104377 7011 6838 6962 6937 1667967104379 1
7026 6853 6969 6945 1667967104425 7029 6856 6969 6945 1667967104442 1
7046 6873 6988 6965 1667967104533 7046 6874 6988 6965 1667967104543 1
7055 6890 7008 6982 1667967104636 7055 6891 7008 6982 1667967104641 1
7075 6909 7034 7001 1667967104720 7079 6914 7035 7006 1667967104732 1
7097 6933 7058 7026 1667967104823 7097 6936 7061 7026 1667967104838 1
7117 6951 7076 7043 1667967104958 7117 6952 7076 7043 1667967104963 1
7135 6970 7095 7055 1667967105041 7135 6971 7095 7055 1667967105096 1
7154 6990 7115 7075 1667967105193 7154 6991 7115 7075 1667967105195 1
7174 7010 7135 7095 1667967105308 7174 7011 7135 7095 1667967105322 1
7192 7027 7145 7111 1667967105400 7192 7028 7145 7111 1667967105408 1
7211 7045 7162 7129 1667967105463 7211 7048 7165 7130 1667967105487 1
7228 7063 7180 7147 1667967105546 7228 7064 7180 7147 1667967105559 1
7235 7077 7186 7161 1667967105583 7241 7084 7190 7168 1667967105598 1
7257 7099 7208 7183 1667967105649 7257 7100 7208 7183 1667967105651 1
7275 7118 7227 7192 1667967105676 7275 7119 7227 7192 1667967105688 1
7287 7136 7243 7220 1667967105728 7287 7141 7250 7224 1667967105740 1
7306 7156 7265 7240 1667967105789 7306 7157 7265 7240 1667967105793 1
7327 7176 7283 7260 1667967105842 7327 7179 7283 7263 1667967105854 1
7346 7195 7295 7279 1667967105921 7346 7196 7295 7279 1667967105934 1
7364 7215 7317 7299 1667967106024 7364 7218 7317 7302 1667967106043 1
7383 7235 7337 7319 1667967106154 7383 7238 7337 7322 1667967106175 1
7404 7255 7357 7339 1667967106298 7404 7256 7357 7339 1667967106301 1
7417 7268 7369 7343 1667967106386 7417 7269 7369 7343 1667967106386 1
7441 7292 7391 7368 1667967106522 7441 7293 7391 7368 1667967106524 1
7459 7310 7411 7385 1667967106626 7464 7315 7411 7391 1667967106675 1
7481 7332 7434 7408 1667967106718 7481 7333 7434 7408 1667967106746 1
7513 7356 7465 7432 1667967106832 7513 7359 7468 7432 1667967106846 1
7535 7378 7487 7452 1667967106955 7538 7381 7487 7452 1667967106965 1
7553 7396 7504 7472 1667967107053 7558 7401 7508 7472 1667967107073 1
7575 7418 7527 7492 1667967107166 7578 7421 7527 7492 1667967107172 1
7600 7441 7548 7525 1667967107318 7600 7442 7548 7525 1667967107328 1
7620 7461 7568 7545 1667967107487 7620 7464 7568 7548 1667967107521 1
7640 7481 7588 7565 1667967107620 7640 7482 7588 7565 1667967107643 1
7660 7501 7608 7585 1667967107757 7660 7502 7608 7585 1667967107781 1
7675 7517 7625 7601 1667967107839 7679 7524 7632 7608 1667967107884 1
7705 7540 7648 7623 1667967107952 7705 7541 7648 7623 1667967107957 1
7732 7567 7677 7659 1667967108031 7732 7568 7677 7659 1667967108040 1
7751 7587 7697 7679 1667967108139 7751 7588 7697 7679 1667967108155 1
7770 7604 7713 7686 1667967108191 7770 7605 7713 7686 1667967108200 1
7786 7621 7720 7705 1667967108266 7786 7622 7720 7705 1667967108271 1
7804 7639 7740 7722 1667967108379 7804 7640 7740 7722 1667967108385 1
7826 7661 7760 7743 1667967108479 7826 7662 7760 7743 1667967108492 1
7846 7681 7782 7763 1667967108590 7849 7684 7782 7763 1667967108612 1
7866 7701 7802 7783 1667967108689 7866 7702 7802 7783 1667967108724 1
7882 7717 7817 7800 1667967108768 7882 7718 7817 7800 1667967108770 1
7903 7737 7838 7821 1667967108825 7903 7742 7843 7825 1667967108854 1
7915 7758 7859 7843 1667967108917 7915 7761 7862 7843 1667967108953 1
7946 7781 7882 7863 1667967109105 7946 7782 7882 7863 1667967109107 1
7954 7798 7899 7883 1667967109178 7954 7801 7902 7883 1667967109193 1
7971 7814 7915 7898 1667967109308 7978 7821 7919 7903 1667967109328 1
8001 7842 7949 7934 1667967109410 8001 7843 7949 7934 1667967109410 1
8015 7857 7957 7949 1667967109472 8015 7858 7957 7949 1667967109480 1
8033 7876 7969 7966 1667967109539 8033 7877 7969 7966 1667967109549 1
8042 7892 7985 7975 1667967109592 8042 7893 7985 7975 1667967109600 1
8063 7915 8009 8007 1667967109711 8063 7916 8009 8007 1667967109713 1
8093 7936 8026 8028 1667967109759 8097 7941 8034 8029 1667967109784 1
8113 7956 8049 8048 1667967109854 8117 7961 8054 8048 1667967109870 1
8151 7984 8075 8084 1667967109948 8151 7985 8075 8084 1667967109950 1
8164 7999 8091 8091 1667967109984 8164 8002 8094 8091 1667967109988 1
8186 8021 8114 8112 1667967110064 8189 8024 8114 8112 1667967110109 1
8206 8041 8134 8131 1667967110259 8209 8044 8134 8131 1667967110309 1
8226 8061 8154 8151 1667967110395 8226 8062 8154 8151 1667967110396 1
8244 8079 8171 8171 1667967110488 8244 8080 8171 8171 1667967110500 1
8271 8104 8195 8204 1667967110631 8271 8105 8195 8204 1667967110641 1
8286 8122 8216 8222 1667967110745 8286 8123 8216 8222 1667967110752 1
8297 8141 8235 8241 1667967110839 8297 8142 8235 8241 1667967110841 1
8315 8158 8251 8251 1667967110926 8315 8159 8251 8251 1667967110944 1
8343 8178 8262 8270 1667967111052 8343 8179 8262 8270 1667967111055 1
8361 8196 8281 8287 1667967111180 8364 8199 8281 8287 1667967111189 1
8385 8221 8314 8314 1667967111323 8385 8224 8317 8314 1667967111339 1
8407 8241 8334 8332 1667967111436 8407 8242 8334 8332 1667967111443 1
8431 8264 8356 8364 1667967111519 8431 8267 8356 8367 1667967111531 1
8446 8282 8376 8382 1667967111612 8446 8285 8376 8385 1667967111619 1
8457 8299 8392 8399 1667967111648 8457 8304 8396 8404 1667967111683 1
8474 8317 8410 8417 1667967111727 8477 8322 8410 8420 1667967111733 1
8509 8344 8437 8442 1667967111832 8512 8347 8437 8442 1667967111857 1
8527 8362 8454 8462 1667967111990 8527 8363 8454 8462 1667967111993 1
8532 8376 8462 8476 1667967112020 8532 8377 8462 8476 1667967112029 1
8573 8408 8509 8516 1667967112103 8573 8409 8509 8516 1667967112109 1
8608 8435 8535 8558 1667967112203 8610 8440 8541 8563 1667967112209 1
8620 8456 8557 8581 1667967112286 8620 8459 8560 8581 1667967112307 1
8641 8476 8577 8601 1667967112426 8641 8477 8577 8601 1667967112426 1
8660 8496 8597 8621 1667967112557 8660 8497 8597 8621 1667967112557 1
8680 8516 8617 8641 1667967112662 8680 8519 8620 8641 1667967112688 1
8700 8534 8635 8658 1667967112794 8700 8535 8635 8658 1667967112806 1
8719 8553 8654 8667 1667967112842 8719 8556 8657 8667 1667967112865 1
8735 8571 8672 8688 1667967112910 8735 8572 8672 8688 1667967112920 1
8744 8585 8676 8701 1667967112969 8744 8586 8676 8701 1667967112972 1
8763 8607 8701 8723 1667967113109 8763 8608 8701 8723 1667967113117 1
8793 8628 8721 8743 1667967113220 8793 8629 8721 8743 1667967113220 1
8815 8650 8741 8766 1667967113320 8818 8653 8741 8766 1667967113338 1
8833 8668 8761 8782 1667967113402 8835 8671 8762 8787 1667967113407 1
8841 8685 8779 8801 1667967113432 8847 8690 8779 8804 1667967113501 1
8864 8707 8800 8822 1667967113560 8867 8710 8800 8822 1667967113576 1
8882 8725 8817 8841 1667967113643 8882 8726 8817 8841 1667967113648 1
8892 8744 8837 8861 1667967113718 8892 8745 8837 8861 1667967113726 1
8924 8767 8860 8881 1667967113814 8924 8768 8860 8881 1667967113817 1
8946 8788 8881 8912 1667967113939 8946 8789 8881 8912 1667967113942 1
8964 8807 8900 8921 1667967114019 8964 8808 8900 8921 1667967114019 1
8973 8824 8917 8941 1667967114087 8973 8825 8917 8941 1667967114104 1
8990 8841 8926 8955 1667967114131 8990 8842 8926 8955 1667967114134 1
9004 8854 8939 8962 1667967114164 9004 8855 8939 8962 1667967114193 1
9023 8874 8959 8982 1667967114248 9030 8881 8963 8989 1667967114347 1
9049 8898 8981 9006 1667967114466 9049 8899 8981 9006 1667967114470 1
9064 8914 8999 9022 1667967114576 9064 8915 8999 9022 1667967114579 1
9078 8938 9031 9047 1667967114665 9078 8939 9031 9047 1667967114675 1
9096 8955 9041 9063 1667967114734 9096 8958 9041 9066 1667967114745 1
9115 8973 9058 9081 1667967114848 9115 8974 9058 9081 1667967114853 1
9134 8992 9077 9091 1667967114938 9134 8995 9080 9091 1667967114983 1
9154 9012 9097 9110 1667967115125 9154 9013 9097 9110 1667967115143 1
9171 9030 9115 9130 1667967115260 9171 9033 9118 9130 1667967115289 1
9201 9058 9150 9166 1667967115406 9201 9059 9150 9166 1667967115416 1
9216 9074 9166 9182 1667967115516 9216 9075 9166 9182 1667967115518 1
9227 9092 9176 9200 1667967115567 9227 9093 9176 9200 1667967115570 1
9245 9112 9198 9220 1667967115650 9245 9113 9198 9220 1667967115654 1
9261 9128 9213 9236 1667967115731 9261 9129 9213 9236 1667967115735 1
9284 9150 9235 9258 1667967115830 9284 9151 9235 9258 1667967115832 1
9305 9172 9255 9280 1667967115927 9308 9175 9255 9280 1667967115931 1
9325 9192 9277 9299 1667967116014 9325 9193 9277 9299 1667967116036 1
9345 9211 9296 9327 1667967116105 9345 9214 9299 9328 1667967116112 1
9353 9227 9312 9333 1667967116148 9354 9232 9316 9340 1667967116165 1
9383 9250 9335 9357 1667967116272 9385 9253 9335 9361 1667967116291 1
9393 9269 9355 9377 1667967116371 9393 9270 9355 9377 1667967116376 1
9426 9293 9384 9401 1667967116479 9426 9294 9384 9401 1667967116489 1
9443 9310 9395 9417 1667967116536 9443 9311 9395 9417 1667967116542 1
9466 9333 9426 9441 1667967116646 9466 9336 9429 9441 1667967116660 1
9488 9355 9448 9461 1667967116751 9488 9356 9448 9461 1667967116767 1
9506 9373 9465 9481 1667967116881 9506 9374 9465 9481 1667967116886 1
9514 9387 9470 9495 1667967116929 9514 9390 9475 9496 1667967116947 1
9529 9404 9489 9504 1667967117014 9532 9407 9489 9504 1667967117039 1
9551 9426 9511 9527 1667967117141 9551 9429 9514 9527 1667967117175 1
9567 9444 9529 9545 1667967117263 9567 9447 9532 9545 1667967117271 1
9589 9464 9548 9564 1667967117423 9594 9469 9552 9564 1667967117452 1
9611 9486 9571 9584 1667967117530 9611 9487 9571 9584 1667967117530 1
9631 9506 9591 9605 1667967117578 9634 9509 9591 9605 1667967117599 1
9649 9524 9608 9624 1667967117649 9649 9525 9608 9624 1667967117651 1
9672 9546 9631 9644 1667967117752 9672 9549 9634 9644 1667967117760 1
9693 9569 9655 9677 1667967117903 9693 9570 9655 9677 1667967117906 1
9712 9586 9671 9684 1667967117977 9712 9587 9671 9684 1667967117983 1
9732 9606 9691 9704 1667967118084 9732 9607 9691 9704 1667967118093 1
9751 9626 9711 9727 1667967118224 9751 9627 9711 9727 1667967118226 1
9787 9652 9735 9760 1667967118427 9787 9653 9735 9760 1667967118431 1
9807 9672 9756 9780 1667967118531 9807 9673 9756 9780 1667967118555 1
9822 9689 9774 9788 1667967118646 9825 9692 9774 9788 1667967118660 1
9840 9707 9791 9807 1667967118745 9843 9710 9791 9807 1667967118759 1
9859 9726 9801 9826 1667967118804 9859 9727 9801 9826 1667967118804 1
9879 9746 9821 9846 1667967118950 9882 9749 9821 9846 1667967118956 1
9899 9766 9841 9866 1667967119060 9902 9769 9841 9866 1667967119077 1
9919 9786 9861 9886 1667967119225 9922 9789 9861 9886 1667967119248 1
9937 9804 9881 9902 1667967119312 9937 9805 9881 9902 1667967119316 1
9960 9827 9912 9925 1667967119438 9961 9832 9917 9931 1667967119474 1
9981 9847 9932 9947 1667967119615 9981 9850 9933 9950 1667967119618 1
10001 9869 9954 9970 1667967119710 10001 9870 9954 9970 1667967119717 1
10021 9889 9974 9990 1667967119830 10021 9890 9974 9990 1667967119839 1
10039 9905 9990 10005 1667967119868 10039 9906 9990 10005 1667967119870 1
10070 9935 10027 10043 1667967119995 10070 9936 10027 10043 1667967120001 1
10083 9950 10042 10050 1667967120064 10083 9951 10042 10050 1667967120073 1
10101 9968 10061 10067 1667967120146 10101 9969 10061 10067 1667967120153 1
10127 9995 10088 10104 1667967120268 10127 9998 10091 10104 1667967120293 1
10144 10011 10104 10119 1667967120396 10144 10014 10105 10122 1667967120416 1
10165 10033 10126 10142 1667967120533 10165 10036 10129 10142 1667967120557 1
10193 10061 10162 10178 1667967120728 10193 10062 10162 10178 1667967120731 1
10218 10077 10170 10193 1667967120821 10218 10078 10170 10193 1667967120828 1
10237 10096 10189 10204 1667967120936 10237 10099 10192 10204 1667967120949 1
10247 10113 10206 10219 1667967121004 10247 10114 10206 10219 1667967121008 1
10265 10133 10227 10241 1667967121044 10265 10134 10227 10241 1667967121044 1
10277 10150 10241 10258 1667967121092 10277 10151 10241 10258 1667967121096 1
10296 10169 10252 10277 1667967121178 10296 10170 10252 10277 1667967121180 1
10316 10189 10273 10297 1667967121314 10316 10190 10273 10297 1667967121319 1
10334 10209 10295 10317 1667967121449 10334 10210 10295 10317 1667967121458 1
10365 10232 10315 10340 1667967121620 10365 10233 10315 10340 1667967121624 1
10385 10252 10335 10360 1667967121726 10385 10253 10335 10360 1667967121753 1
10405 10272 10355 10380 1667967121881 10405 10273 10355 10380 1667967121900 1
10425 10292 10375 10400 1667967122043 10425 10293 10375 10400 1667967122045 1
10443 10310 10392 10418 1667967122143 10443 10311 10392 10418 1667967122143 1
10479 10338 10423 10452 1667967122241 10479 10339 10423 10452 1667967122245 1
10502 10361 10444 10483 1667967122367 10504 10364 10444 10488 1667967122403 1
10524 10381 10465 10505 1667967122501 10524 10384 10465 10508 1667967122513 1
10544 10401 10484 10525 1667967122627 10544 10402 10484 10525 1667967122630 1
10564 10421 10504 10545 1667967122753 10564 10424 10504 10548 1667967122759 1
10584 10444 10537 10569 1667967122930 10584 10447 10540 10569 1667967122938 1
10604 10462 10555 10586 1667967123062 10604 10463 10555 10586 1667967123062 1
10624 10484 10577 10609 1667967123181 10624 10485 10577 10609 1667967123190 1
10644 10502 10595 10626 1667967123309 10644 10503 10595 10626 1667967123313 1
10674 10525 10618 10649 1667967123390 10679 10530 10621 10649 1667967123409 1
10696 10547 10640 10669 1667967123476 10699 10550 10640 10669 1667967123480 1
10714 10565 10657 10689 1667967123582 10715 10568 10661 10689 1667967123585 1
10736 10587 10679 10711 1667967123712 10736 10588 10679 10711 1667967123717 1
10756 10607 10698 10731 1667967123840 10759 10610 10698 10731 1667967123850 1
10776 10627 10719 10751 1667967123961 10779 10630 10719 10751 1667967124040 1
10792 10643 10735 10766 1667967124130 10797 10648 10735 10770 1667967124140 1
10816 10667 10760 10792 1667967124259 10816 10670 10763 10792 1667967124281 1
10852 10693 10784 10825 1667967124458 10852 10696 10784 10828 1667967124463 1
10874 10716 10817 10847 1667967124609 10874 10719 10820 10847 1667967124632 1
10890 10732 10833 10864 1667967124726 10890 10733 10833 10864 1667967124726 1
10912 10754 10855 10886 1667967124860 10912 10757 10856 10889 1667967124869 1
10944 10779 10880 10910 1667967125039 10947 10782 10880 10910 1667967125045 1
10964 10800 10909 10933 1667967125162 10964 10801 10909 10933 1667967125166 1
10985 10820 10928 10952 1667967125305 10985 10821 10928 10952 1667967125305 1
11009 10845 10955 10985 1667967125450 11009 10846 10955 10985 1667967125477 1
11032 10865 10973 11005 1667967125580 11032 10866 10973 11005 1667967125583 1
11047 10881 10989 11021 1667967125631 11047 10882 10989 11021 1667967125633 1
11071 10906 11022 11046 1667967125698 11074 10909 11022 11046 1667967125716 1
11090 10926 11043 11067 1667967125825 11090 10929 11046 11067 1667967125833 1
11111 10946 11062 11086 1667967125922 11111 10947 11062 11086 1667967125925 1
11134 10968 11085 11106 1667967126055 11134 10969 11085 11106 1667967126060 1
11154 10988 11105 11126 1667967126156 11154 10989 11105 11126 1667967126170 1
11171 11006 11123 11146 1667967126267 11171 11007 11123 11146 1667967126267 1
11194 11028 11145 11166 1667967126374 11194 11029 11145 11166 1667967126375 1
11210 11046 11163 11187 1667967126476 11210 11047 11163 11187 1667967126478 1
11231 11066 11183 11206 1667967126617 11235 11071 11188 11206 1667967126659 1
11254 11088 11205 11226 1667967126769 11254 11089 11205 11226 1667967126787 1
11276 11111 11229 11259 1667967126923 11276 11112 11229 11259 1667967126930 1
11295 11129 11246 11277 1667967127043 11295 11130 11246 11277 1667967127046 1
11324 11151 11260 11298 1667967127170 11324 11152 11260 11298 1667967127182 1
11342 11169 11276 11317 1667967127280 11342 11170 11276 11317 1667967127284 1
11364 11191 11300 11337 1667967127380 11367 11194 11300 11337 1667967127398 1
11384 11211 11320 11357 1667967127502 11387 11214 11320 11357 1667967127514 1
11404 11231 11339 11379 1667967127581 11407 11234 11339 11379 1667967127591 1
11422 11249 11358 11396 1667967127629 11422 11250 11358 11396 1667967127632 1
11448 11274 11391 11420 1667967127794 11448 11277 11394 11420 1667967127829 1
11468 11294 11411 11440 1667967127971 11468 11295 11411 11440 1667967127982 1
11482 11309 11418 11456 1667967128042 11482 11310 11418 11456 1667967128044 1
11501 11328 11437 11467 1667967128107 11501 11329 11437 11467 1667967128110 1
11519 11346 11454 11486 1667967128222 11519 11347 11454 11486 1667967128227 1
11542 11368 11477 11506 1667967128360 11542 11369 11477 11506 1667967128363 1
11562 11388 11497 11526 1667967128485 11562 11389 11497 11526 1667967128488 1
11582 11408 11517 11546 1667967128650 11582 11409 11517 11546 1667967128663 1
11598 11425 11524 11565 1667967128746 11598 11426 11524 11565 1667967128760 1
11618 11445 11544 11585 1667967128845 11618 11446 11544 11585 1667967128850 1
11638 11466 11575 11607 1667967128932 11642 11469 11575 11607 1667967128955 1
11657 11484 11593 11623 1667967129014 11658 11487 11594 11627 1667967129028 1
11679 11506 11614 11646 1667967129107 11679 11507 11614 11646 1667967129115 1
11715 11534 11641 11682 1667967129277 11715 11535 11641 11682 1667967129287 1
11735 11554 11662 11702 1667967129412 11735 11555 11662 11702 1667967129415 1
11753 11572 11681 11719 1667967129526 11753 11573 11681 11719 1667967129530 1
11770 11589 11697 11729 1667967129631 11770 11590 11697 11729 1667967129633 1
11789 11608 11707 11748 1667967129722 11792 11611 11707 11748 1667967129731 1
11810 11629 11738 11769 1667967129894 11810 11632 11741 11769 1667967129909 1
11830 11649 11757 11789 1667967130028 11831 11652 11761 11789 1667967130036 1
11852 11671 11780 11809 1667967130187 11855 11674 11780 11809 1667967130199 1
11872 11691 11800 11829 1667967130287 11872 11692 11800 11829 1667967130290 1
11892 11711 11820 11849 1667967130352 11892 11712 11820 11849 1667967130352 1
11912 11731 11840 11869 1667967130465 11912 11732 11840 11869 1667967130474 1
11937 11754 11861 11902 1667967130621 11937 11755 11861 11902 1667967130627 1
11952 11772 11882 11920 1667967130717 11958 11777 11882 11925 1667967130735 1
11977 11794 11901 11942 1667967130862 11977 11795 11901 11942 1667967130866 1
11997 11814 11921 11962 1667967130976 11997 11817 11921 11965 1667967131007 1
12014 11832 11941 11980 1667967131130 12018 11837 11941 11985 1667967131151 1
12032 11850 11959 11998 1667967131181 12036 11855 11959 12003 1667967131214 1
12051 11872 11981 12021 1667967131262 12051 11873 11981 12021 1667967131262 1
12063 11891 12000 12040 1667967131319 12063 11892 12000 12040 1667967131323 1
12083 11909 12018 12055 1667967131364 12083 11910 12018 12055 1667967131380 1
12102 11928 12037 12066 1667967131465 12102 11929 12037 12066 1667967131468 1
12118 11945 12044 12085 1667967131562 12118 11946 12044 12085 1667967131572 1
12126 11962 12064 12102 1667967131665 12126 11963 12064 12102 1667967131683 1
12158 11985 12084 12125 1667967131822 12161 11988 12084 12125 1667967131842 1
12178 12005 12105 12145 1667967131950 12181 12008 12105 12145 1667967131965 1
12200 12027 12136 12175 1667967132132 12200 12030 12139 12176 1667967132138 1
12210 12045 12154 12186 1667967132188 12210 12048 12157 12186 1667967132212 1
12229 12063 12172 12203 1667967132334 12229 12066 12173 12206 1667967132346 1
12261 12088 12197 12226 1667967132456 12264 12091 12197 12226 1667967132466 1
12279 12106 12215 12244 1667967132502 12279 12107 12215 12244 1667967132504 1
12289 12125 12235 12265 1667967132559 12289 12126 12235 12265 1667967132561 1
12310 12145 12255 12285 1667967132638 12310 12146 12255 12285 1667967132640 1
12329 12163 12272 12303 1667967132741 12329 12166 12272 12306 1667967132757 1
12349 12183 12292 12321 1667967132873 12350 12188 12297 12327 1667967132884 1
12379 12206 12314 12346 1667967133023 12379 12207 12314 12346 1667967133037 1
12401 12228 12337 12366 1667967133143 12401 12229 12337 12366 1667967133148 1
12409 12245 12354 12386 1667967133222 12409 12248 12357 12386 1667967133238 1
12426 12263 12372 12404 1667967133366 12432 12268 12377 12404 1667967133394 1
12451 12285 12394 12423 1667967133529 12451 12286 12394 12423 1667967133531 1
12482 12309 12417 12457 1667967133674 12482 12310 12417 12457 1667967133675 1
12504 12331 12440 12477 1667967133790 12504 12332 12440 12477 1667967133799 1
12524 12350 12459 12506 1667967133875 12524 12351 12459 12506 1667967133876 1
12546 12372 12481 12525 1667967133935 12547 12375 12482 12531 1667967133955 1
12567 12394 12503 12551 1667967134069 12567 12397 12506 12551 1667967134087 1
12586 12414 12523 12571 1667967134196 12586 12417 12526 12571 1667967134202 1
12606 12434 12543 12591 1667967134305 12606 12435 12543 12591 1667967134324 1
12626 12454 12563 12611 1667967134414 12626 12455 12563 12611 1667967134420 1
12646 12474 12583 12631 1667967134549 12646 12477 12586 12631 1667967134584 1
12666 12494 12603 12651 1667967134737 12666 12495 12603 12651 1667967134744 1
12686 12514 12623 12671 1667967134830 12686 12515 12623 12671 1667967134830 1
12706 12531 12630 12687 1667967134862 12706 12534 12630 12690 1667967134875 1
12721 12547 12647 12703 1667967134943 12725 12554 12655 12709 1667967134968 1
12757 12575 12676 12739 1667967135147 12759 12578 12676 12739 1667967135157 1
12773 12592 12692 12748 1667967135251 12773 12593 12692 12748 1667967135251 1
12793 12612 12713 12765 1667967135354 12798 12617 12714 12773 1667967135369 1
12817 12634 12733 12790 1667967135468 12817 12635 12733 12790 1667967135472 1
12837 12654 12753 12810 1667967135601 12837 12655 12753 12810 1667967135607 1
12852 12672 12774 12828 1667967135711 12858 12677 12774 12831 1667967135734 1
12875 12694 12793 12850 1667967135856 12875 12695 12793 12850 1667967135862 1
12895 12714 12815 12869 1667967135962 12898 12717 12815 12869 1667967135968 1
12911 12730 12830 12885 1667967136003 12914 12733 12830 12885 1667967136009 1
12935 12752 12851 12908 1667967136043 12935 12755 12856 12909 1667967136053 1
12955 12772 12871 12928 1667967136091 12955 12773 12871 12928 1667967136091 1
12984 12795 12895 12951 1667967136154 12984 12796 12895 12951 1667967136173 1
12992 12811 12905 12967 1667967136212 12992 12814 12905 12970 1667967136222 1
13012 12829 12920 12985 1667967136332 13012 12834 12927 12989 1667967136377 1
13041 12852 12945 13005 1667967136531 13044 12855 12945 13005 1667967136538 1
13065 12877 12978 13034 1667967136682 13065 12878 12978 13034 1667967136684 1
13085 12897 12998 13054 1667967136836 13085 12898 12998 13054 1667967136846 1
13105 12915 13016 13069 1667967136965 13105 12916 13016 13069 1667967136968 1
13125 12937 13038 13094 1667967137081 13125 12938 13038 13094 1667967137081 1
13143 12954 13048 13110 1667967137125 13143 12957 13048 13113 1667967137144 1
13163 12972 13063 13128 1667967137197 13163 12975 13068 13129 1667967137200 1
13191 13000 13100 13164 1667967137330 13191 13001 13100 13164 1667967137339 1
13211 13020 13119 13184 1667967137487 13211 13021 13119 13184 1667967137495 1
13231 13040 13139 13204 1667967137646 13231 13043 13139 13207 1667967137727 1
13251 13060 13159 13224 1667967137819 13251 13061 13159 13224 1667967137835 1
13271 13080 13179 13244 1667967137938 13271 13083 13179 13247 1667967137956 1
13291 13100 13199 13264 1667967138088 13291 13103 13199 13267 1667967138110 1
13311 13120 13219 13284 1667967138215 13311 13123 13219 13287 1667967138237 1
13328 13138 13239 13302 1667967138312 13328 13141 13239 13305 1667967138336 1
13348 13159 13268 13322 1667967138410 13355 13166 13272 13330 1667967138428 1
13381 13184 13293 13347 1667967138495 13386 13189 13293 13351 1667967138514 1
13401 13204 13313 13367 1667967138644 13404 13207 13313 13367 1667967138653 1
13425 13226 13333 13390 1667967138779 13425 13229 13333 13393 1667967138794 1
13445 13246 13353 13410 1667967138879 13445 13247 13353 13410 1667967138883 1
13460 13263 13372 13417 1667967139021 13463 13266 13372 13417 1667967139025 1
13480 13283 13392 13437 1667967139174 13480 13284 13392 13437 1667967139174 1
13488 13300 13409 13457 1667967139269 13488 13301 13409 13457 1667967139271 1
13508 13317 13416 13473 1667967139350 13508 13318 13416 13473 1667967139362 1
13528 13338 13447 13494 1667967139465 13528 13339 13447 13494 1667967139465 1
13547 13357 13466 13503 1667967139508 13547 13358 13466 13503 1667967139516 1
13562 13373 13482 13520 1667967139564 13563 13376 13483 13524 1667967139578 1
13588 13397 13496 13553 1667967139660 13588 13398 13496 13553 1667967139684 1
13608 13417 13516 13573 1667967139806 13608 13418 13516 13573 1667967139808 1
13628 13437 13536 13593 1667967139915 13628 13438 13536 13593 1667967139921 1
13645 13455 13556 13611 1667967140074 13649 13460 13556 13614 1667967140087 1
13664 13475 13573 13631 1667967140201 13665 13478 13579 13632 1667967140207 1
13686 13497 13598 13651 1667967140315 13686 13498 13598 13651 1667967140318 1
13706 13517 13618 13672 1667967140428 13706 13518 13618 13672 1667967140435 1
13726 13537 13638 13692 1667967140548 13726 13538 13638 13692 1667967140563 1
13742 13553 13653 13708 1667967140660 13747 13558 13654 13714 1667967140673 1
13765 13574 13665 13730 1667967140736 13765 13575 13665 13730 1667967140750 1
13798 13600 13701 13754 1667967140915 13798 13601 13701 13754 1667967140927 1
13816 13618 13719 13771 1667967141069 13816 13619 13719 13771 1667967141069 1
13836 13638 13739 13794 1667967141190 13836 13639 13739 13794 1667967141201 1
13856 13657 13748 13813 1667967141290 13856 13658 13748 13813 1667967141295 1
13871 13674 13766 13822 1667967141387 13874 13677 13766 13822 1667967141406 1
13891 13694 13787 13841 1667967141527 13891 13695 13787 13841 1667967141527 1
13911 13714 13807 13860 1667967141629 13911 13715 13807 13860 1667967141641 1
13931 13734 13827 13880 1667967141729 13931 13735 13827 13880 1667967141729 1
13939 13749 13842 13897 1667967141784 13939 13754 13846 13902 1667967141816 1
13956 13769 13863 13917 1667967141859 13956 13770 13863 13917 1667967141864 1
13967 13785 13878 13924 1667967141894 13967 13786 13878 13924 1667967141897 1
13987 13805 13898 13943 1667967142048 13987 13806 13898 13943 1667967142053 1
14007 13825 13918 13963 1667967142175 14007 13826 13918 13963 1667967142181 1
14025 13843 13936 13980 1667967142272 14025 13844 13936 13980 1667967142274 1
14040 13859 13944 13990 1667967142324 14040 13860 13944 13990 1667967142324 1
14048 13876 13961 14009 1667967142385 14048 13877 13961 14009 1667967142389 1
14068 13896 13981 14029 1667967142438 14068 13897 13981 14029 1667967142461 1
14098 13917 14001 14049 1667967142583 14098 13918 14001 14049 1667967142586 1
14120 13939 14024 14070 1667967142690 14123 13942 14024 14070 1667967142711 1
14140 13959 14044 14090 1667967142799 14140 13960 14044 14090 1667967142804 1
14156 13975 14059 14106 1667967142919 14158 13980 14065 14111 1667967142953 1
14165 13994 14079 14127 1667967142983 14165 13995 14079 14127 1667967142986 1
14185 14012 14097 14144 1667967143067 14186 14015 14100 14144 1667967143084 1
14207 14034 14116 14166 1667967143145 14207 14035 14116 14166 1667967143147 1
14215 14048 14123 14180 1667967143178 14215 14053 14130 14184 1667967143196 1
14234 14070 14147 14203 1667967143340 14234 14071 14147 14203 1667967143346 1
14256 14090 14167 14221 1667967143469 14256 14093 14170 14221 1667967143486 1
14276 14110 14187 14240 1667967143593 14276 14113 14190 14240 1667967143619 1
14296 14130 14207 14260 1667967143714 14296 14131 14207 14260 1667967143719 1
14314 14148 14225 14277 1667967143770 14315 14151 14226 14283 1667967143775 1
14346 14173 14250 14303 1667967143869 14346 14174 14250 14303 1667967143869 1
14366 14193 14270 14323 1667967143942 14366 14194 14270 14323 1667967143951 1
14384 14211 14286 14343 1667967143997 14387 14216 14291 14344 1667967144005 1
14403 14231 14308 14364 1667967144064 14403 14234 14311 14364 1667967144079 1
14426 14253 14330 14384 1667967144139 14426 14254 14330 14384 1667967144153 1
14434 14270 14347 14403 1667967144258 14434 14271 14347 14403 1667967144265 1
14454 14287 14355 14419 1667967144360 14454 14290 14355 14422 1667967144384 1
14474 14307 14374 14439 1667967144477 14474 14308 14374 14439 1667967144477 1
14491 14325 14394 14457 1667967144610 14495 14330 14394 14462 1667967144645 1
14514 14348 14425 14480 1667967144794 14514 14349 14425 14480 1667967144799 1
14534 14368 14445 14498 1667967144906 14534 14369 14445 14498 1667967144915 1
14555 14390 14467 14523 1667967145022 14555 14391 14467 14523 1667967145035 1
14576 14410 14487 14541 1667967145150 14576 14413 14490 14541 1667967145157 1
14606 14432 14508 14572 1667967145227 14606 14435 14512 14573 1667967145231 1
14616 14450 14527 14581 1667967145262 14616 14451 14527 14581 1667967145266 1
14630 14465 14534 14596 1667967145297 14633 14468 14534 14596 1667967145303 1
14651 14485 14554 14617 1667967145385 14651 14486 14554 14617 1667967145392 1
14682 14509 14593 14632 1667967145482 14687 14514 14597 14632 1667967145505 1
14718 14537 14629 14661 1667967145581 14719 14540 14633 14661 1667967145616 1
14730 14556 14649 14679 1667967145680 14730 14557 14649 14679 1667967145689 1
14750 14576 14669 14699 1667967145785 14750 14577 14669 14699 1667967145790 1
14770 14596 14689 14718 1667967145909 14770 14599 14692 14718 1667967145938 1
14790 14616 14709 14738 1667967146055 14790 14617 14709 14738 1667967146091 1
14806 14633 14717 14757 1667967146187 14809 14636 14717 14757 1667967146215 1
14826 14653 14736 14777 1667967146408 14826 14654 14736 14777 1667967146420 1
14845 14672 14765 14796 1667967146504 14845 14673 14765 14796 1667967146504 1
14863 14690 14774 14806 1667967146537 14863 14691 14774 14806 1667967146547 1
14883 14710 14793 14826 1667967146653 14883 14711 14793 14826 1667967146659 1
14907 14733 14826 14847 1667967146848 14907 14736 14829 14847 1667967146857 1
14927 14753 14846 14867 1667967146997 14927 14754 14846 14867 1667967147001 1
14943 14770 14854 14886 1667967147123 14943 14771 14854 14886 1667967147142 1
14963 14790 14873 14906 1667967147278 14963 14791 14873 14906 1667967147285 1
14983 14810 14893 14926 1667967147410 14983 14811 14893 14926 1667967147423 1
15005 14831 14924 14945 1667967147534 15005 14832 14924 14945 1667967147538 1
15023 14848 14931 14964 1667967147565 15023 14851 14931 14967 1667967147579 1
15042 14870 14955 14987 1667967147688 15042 14871 14955 14987 1667967147704 1
15062 14890 14975 15007 1667967147854 15062 14891 14975 15007 1667967147857 1
15083 14910 14995 15027 1667967147947 15083 14913 14998 15027 1667967147959 1
15102 14930 15015 15047 1667967148086 15102 14931 15015 15047 1667967148089 1
15122 14947 15022 15063 1667967148159 15122 14948 15022 15063 1667967148168 1
15142 14967 15042 15083 1667967148278 15142 14970 15042 15086 1667967148281 1
15160 14985 15059 15101 1667967148352 15160 14986 15059 15101 1667967148355 1
15195 15013 15098 15127 1667967148496 15195 15014 15098 15127 1667967148500 1
15215 15033 15118 15147 1667967148609 15215 15034 15118 15147 1667967148617 1
15235 15053 15138 15167 1667967148730 15235 15054 15138 15167 1667967148732 1
15255 15073 15158 15187 1667967148856 15255 15076 15161 15187 1667967148865 1
15275 15093 15178 15207 1667967148961 15275 15096 15181 15207 1667967148974 1
15295 15113 15198 15227 1667967149158 15295 15114 15198 15227 1667967149164 1
15315 15133 15218 15247 1667967149313 15315 15134 15218 15247 1667967149326 1
15335 15153 15238 15267 1667967149459 15335 15154 15238 15267 1667967149462 1
15355 15173 15258 15287 1667967149578 15355 15174 15258 15287 1667967149600 1
15374 15193 15271 15317 1667967149700 15374 15194 15271 15317 1667967149709 1
15392 15210 15287 15324 1667967149773 15392 15213 15290 15324 1667967149781 1
15412 15230 15307 15344 1667967149889 15412 15231 15307 15344 1667967149898 1
15430 15248 15325 15361 1667967150003 15430 15249 15325 15361 1667967150009 1
15450 15270 15347 15387 1667967150121 15450 15271 15347 15387 1667967150135 1
15470 15287 15354 15403 1667967150233 15470 15288 15354 15403 1667967150241 1
15490 15310 15387 15427 1667967150360 15490 15311 15387 15427 1667967150378 1
15508 15327 15395 15441 1667967150462 15510 15330 15395 15446 1667967150475 1
15530 15347 15414 15463 1667967150589 15530 15350 15414 15466 1667967150613 1
15550 15367 15434 15483 1667967150739 15550 15368 15434 15483 1667967150741 1
15563 15382 15450 15490 1667967150813 15563 15383 15450 15490 1667967150814 1
15586 15404 15473 15510 1667967150932 15586 15405 15473 15510 1667967150941 1
15605 15424 15493 15533 1667967151006 15605 15427 15496 15533 1667967151036 1
15624 15444 15513 15553 1667967151186 15624 15447 15516 15553 1667967151191 1
15659 15470 15537 15586 1667967151380 15662 15473 15537 15586 1667967151382 1
15679 15490 15557 15606 1667967151514 15682 15493 15557 15606 1667967151559 1
15700 15511 15588 15627 1667967151725 15705 15516 15591 15627 1667967151740 1
15722 15533 15610 15648 1667967151860 15722 15534 15610 15648 1667967151864 1
15742 15553 15630 15668 1667967151975 15742 15554 15630 15668 1667967151981 1
15762 15573 15650 15688 1667967152075 15762 15574 15650 15688 1667967152080 1
15785 15595 15680 15719 1667967152140 15785 15596 15680 15719 1667967152145 1
15808 15619 15704 15741 1667967152285 15808 15620 15704 15741 1667967152290 1
15817 15636 15721 15761 1667967152379 15817 15637 15721 15761 1667967152387 1
15836 15656 15741 15781 1667967152507 15836 15657 15741 15781 1667967152510 1
15856 15674 15759 15798 1667967152583 15856 15675 15759 15798 1667967152583 1
15886 15697 15782 15820 1667967152661 15886 15698 15782 15820 1667967152663 1
15907 15717 15802 15841 1667967152751 15907 15718 15802 15841 1667967152757 1
15928 15737 15819 15861 1667967152859 15928 15742 15827 15865 1667967152880 1
15947 15759 15844 15884 1667967152985 15947 15760 15844 15884 1667967152985 1
15979 15782 15867 15904 1667967153097 15979 15783 15867 15904 1667967153099 1
15999 15802 15887 15924 1667967153211 15999 15803 15887 15924 1667967153224 1
16017 15820 15903 15944 1667967153293 16017 15821 15903 15944 1667967153293 1
16036 15839 15916 15962 1667967153345 16039 15842 15916 15962 1667967153354 1
16056 15859 15936 15981 1667967153452 16059 15862 15936 15981 1667967153469 1
16076 15879 15956 16001 1667967153576 16079 15882 15956 16001 1667967153597 1
16096 15899 15975 16023 1667967153711 16099 15902 15975 16023 1667967153721 1
16116 15919 15994 16043 1667967153851 16116 15920 15994 16043 1667967153856 1
16134 15937 16014 16059 1667967153974 16134 15938 16014 16059 1667967153985 1
16144 15956 16034 16080 1667967154071 16144 15959 16034 16083 1667967154076 1
16167 15976 16052 16100 1667967154206 16167 15977 16052 16100 1667967154206 1
16187 15996 16071 16120 1667967154320 16187 15997 16071 16120 1667967154325 1
16204 16014 16091 16138 1667967154402 16204 16017 16091 16141 1667967154412 1
16223 16034 16112 16156 1667967154453 16223 16035 16112 16156 1667967154463 1
16240 16051 16127 16167 1667967154545 16243 16054 16127 16167 1667967154567 1
16263 16073 16150 16188 1667967154697 16263 16074 16150 16188 1667967154700 1
16283 16093 16170 16208 1667967154831 16283 16094 16170 16208 1667967154832 1
16300 16111 16188 16227 1667967154967 16305 16116 16191 16227 1667967154985 1
16322 16133 16210 16247 1667967155081 16322 16134 16210 16247 1667967155087 1
16330 16150 16227 16267 1667967155225 16330 16153 16230 16267 1667967155233 1
16350 16170 16247 16287 1667967155399 16350 16171 16247 16287 1667967155419 1
16370 16190 16267 16307 1667967155521 16370 16191 16267 16307 1667967155527 1
16388 16206 16283 16322 1667967155571 16390 16209 16283 16322 1667967155577 1
16422 16233 16308 16349 1667967155715 16425 16236 16308 16349 1667967155717 1
16442 16253 16328 16369 1667967155897 16442 16254 16328 16369 1667967155897 1
16460 16271 16348 16386 1667967156034 16465 16276 16348 16390 1667967156042 1
16483 16294 16379 16410 1667967156165 16483 16295 16379 16410 1667967156172 1
16506 16316 16401 16430 1667967156269 16506 16319 16404 16430 1667967156299 1
16526 16336 16421 16450 1667967156434 16526 16337 16421 16450 1667967156439 1
16543 16354 16439 16470 1667967156555 16543 16355 16439 16470 1667967156557 1
16551 16370 16448 16486 1667967156604 16551 16371 16448 16486 1667967156607 1
16570 16390 16468 16506 1667967156721 16570 16391 16468 16506 1667967156723 1
16590 16408 16485 16524 1667967156824 16590 16409 16485 16524 1667967156829 1
16610 16430 16508 16546 1667967156996 16610 16433 16508 16549 1667967157003 1
16630 16448 16525 16564 1667967157115 16630 16449 16525 16564 1667967157124 1
16653 16470 16546 16586 1667967157237 16653 16473 16546 16589 1667967157259 1
16673 16490 16565 16606 1667967157406 16673 16491 16565 16606 1667967157425 1
16693 16510 16585 16626 1667967157572 16693 16511 16585 16626 1667967157572 1
16713 16530 16605 16646 1667967157683 16713 16533 16605 16649 1667967157699 1
16733 16550 16625 16666 1667967157801 16733 16551 16625 16666 1667967157805 1
16746 16565 16642 16670 1667967157841 16746 16566 16642 16670 1667967157844 1
16754 16580 16657 16688 1667967157877 16754 16583 16660 16689 1667967157883 1
16777 16604 16679 16712 1667967157973 16777 16605 16679 16712 1667967157974 1
16785 16619 16696 16727 1667967158037 16785 16620 16696 16727 1667967158053 1
16801 16636 16713 16736 1667967158139 16801 16639 16716 16736 1667967158148 1
16823 16658 16735 16757 1667967158275 16823 16659 16735 16757 1667967158279 1
16843 16678 16755 16776 1667967158385 16846 16681 16755 16776 1667967158409 1
16861 16696 16772 16796 1667967158511 16866 16701 16776 16796 1667967158525 1
16886 16719 16793 16827 1667967158666 16886 16720 16793 16827 1667967158669 1
16905 16741 16818 16850 1667967158765 16905 16742 16818 16850 1667967158767 1
16926 16761 16838 16870 1667967158875 16926 16762 16838 16870 1667967158875 1
16945 16779 16856 16887 1667967158972 16945 16784 16861 16891 1667967158999 1
16965 16799 16876 16907 1667967159035 16965 16800 16876 16907 1667967159050 1
16982 16816 16893 16914 1667967159100 16983 16821 16897 16921 1667967159143 1
17002 16836 16913 16936 1667967159291 17002 16837 16913 16936 1667967159300 1
17032 16859 16936 16958 1667967159467 17032 16860 16936 16958 1667967159473 1
17052 16879 16956 16978 1667967159589 17052 16880 16956 16978 1667967159598 1
17076 16904 16989 17005 1667967159728 17076 16905 16989 17005 1667967159731 1
17091 16919 16997 17019 1667967159807 17091 16920 16997 17019 1667967159809 1
17116 16941 17016 17041 1667967159956 17116 16942 17016 17041 1667967159959 1
17133 16959 17036 17059 1667967160095 17133 16960 17036 17059 1667967160100 1
17176 16993 17077 17109 1667967160248 17176 16994 17077 17109 1667967160252 1
17187 17006 17090 17113 1667967160302 17187 17007 17090 17113 1667967160304 1
17196 17023 17108 17131 1667967160329 17196 17024 17108 17131 1667967160335 1
17221 17047 17132 17153 1667967160498 17221 17048 17132 17153 1667967160505 1
17241 17067 17152 17173 1667967160646 17241 17070 17155 17173 1667967160654 1
17261 17087 17172 17193 1667967160813 17261 17088 17172 17193 1667967160819 1
17280 17107 17190 17213 1667967160915 17280 17108 17190 17213 1667967160919 1
17299 17125 17210 17230 1667967161006 17299 17126 17210 17230 1667967161020 1
17331 17150 17234 17258 1667967161184 17331 17151 17234 17258 1667967161186 1
17349 17168 17253 17275 1667967161325 17349 17169 17253 17275 1667967161334 1
17373 17193 17286 17302 1667967161471 17373 17196 17289 17302 1667967161483 1
17393 17213 17306 17322 1667967161629 17393 17214 17306 17322 1667967161629 1
17413 17233 17326 17342 1667967161724 17413 17234 17326 17342 1667967161732 1
17433 17251 17344 17359 1667967161796 17433 17252 17344 17359 1667967161801 1
17453 17273 17366 17382 1667967161865 17453 17276 17369 17382 1667967161888 1
17473 17293 17386 17402 1667967162005 17473 17294 17386 17402 1667967162012 1
17490 17311 17404 17420 1667967162132 17490 17312 17404 17420 1667967162132 1
17515 17333 17426 17439 1667967162255 17515 17334 17426 17439 1667967162255 1
17532 17351 17444 17459 1667967162358 17532 17352 17444 17459 1667967162358 1
17553 17371 17464 17476 1667967162463 17554 17374 17465 17482 1667967162481 1
17568 17388 17474 17496 1667967162545 17568 17389 17474 17496 1667967162548 1
17593 17413 17506 17522 1667967162703 17593 17416 17509 17522 1667967162711 1
17610 17429 17522 17537 1667967162804 17610 17430 17522 17537 1667967162807 1
17641 17459 17560 17574 1667967162979 17641 17460 17560 17574 1667967162984 1
17661 17479 17580 17593 1667967163086 17661 17482 17583 17593 1667967163109 1
17680 17499 17600 17616 1667967163232 17680 17500 17600 17616 1667967163241 1
17697 17514 17604 17630 1667967163317 17697 17515 17604 17630 1667967163319 1
17715 17533 17626 17639 1667967163392 17715 17536 17629 17639 1667967163402 1
17735 17553 17646 17660 1667967163500 17735 17556 17649 17660 1667967163525 1
17752 17571 17664 17679 1667967163665 17756 17576 17669 17679 1667967163673 1
17775 17593 17686 17699 1667967163722 17775 17594 17686 17699 1667967163749 1
17795 17613 17706 17720 1667967163836 17795 17614 17706 17720 1667967163836 1
17812 17631 17724 17739 1667967163957 17812 17632 17724 17739 1667967163957 1
17835 17653 17746 17759 1667967164069 17835 17654 17746 17759 1667967164076 1
17855 17673 17766 17780 1667967164207 17855 17674 17766 17780 1667967164209 1
17875 17693 17786 17799 1667967164369 17875 17694 17786 17799 1667967164384 1
17892 17711 17804 17819 1667967164525 17892 17712 17804 17819 1667967164547 1
17914 17733 17826 17842 1667967164647 17914 17734 17826 17842 1667967164660 1
17933 17753 17846 17862 1667967164802 17933 17754 17846 17862 1667967164832 1
17964 17774 17867 17879 1667967164924 17964 17777 17870 17879 1667967164959 1
17984 17794 17887 17902 1667967165121 17984 17797 17887 17905 1667967165135 1
18004 17814 17907 17920 1667967165219 18004 17815 17907 17920 1667967165224 1
18024 17835 17929 17942 1667967165335 18024 17837 17929 17942 1667967165345 1
18045 17856 17950 17964 1667967165472 18045 17859 17950 17967 1667967165489 1
18064 17874 17967 17982 1667967165624 18064 17879 17971 17987 1667967165633 1
18084 17896 17990 18004 1667967165757 18084 17897 17990 18004 1667967165773 1
18105 17914 18005 18022 1667967165867 18105 17919 18012 18026 1667967165878 1
18125 17936 18029 18045 1667967166005 18125 17937 18029 18045 1667967166005 1
18141 17954 18047 18063 1667967166065 18141 17955 18047 18063 1667967166065 1
18163 17974 18067 18082 1667967166178 18166 17977 18067 18082 1667967166193 1
18182 17993 18076 18101 1667967166259 18182 17994 18076 18101 1667967166262 1
18200 18011 18096 18118 1667967166353 18203 18014 18096 18118 1667967166379 1
18234 18037 18129 18145 1667967166543 18234 18038 18129 18145 1667967166548 1
18254 18057 18149 18165 1667967166682 18258 18062 18155 18165 1667967166693 1
18277 18079 18172 18185 1667967166797 18277 18080 18172 18185 1667967166807 1
18295 18097 18190 18202 1667967166901 18295 18098 18190 18202 1667967166909 1
18315 18116 18199 18224 1667967167004 18315 18117 18199 18224 1667967167007 1
18335 18139 18232 18248 1667967167138 18335 18142 18235 18248 1667967167143 1
18352 18155 18248 18263 1667967167168 18357 18162 18252 18270 1667967167179 1
18376 18179 18271 18287 1667967167278 18376 18180 18271 18287 1667967167282 1
18396 18199 18293 18307 1667967167365 18396 18200 18293 18307 1667967167365 1
18414 18216 18309 18314 1667967167459 18414 18217 18309 18314 1667967167473 1
18435 18239 18333 18347 1667967167610 18435 18240 18333 18347 1667967167634 1
18455 18259 18353 18367 1667967167785 18455 18260 18353 18367 1667967167799 1
18475 18277 18370 18385 1667967167916 18475 18278 18370 18385 1667967167926 1
18498 18299 18391 18407 1667967168053 18498 18300 18391 18407 1667967168055 1
18511 18314 18405 18414 1667967168127 18511 18315 18405 18414 1667967168130 1
18530 18333 18416 18433 1667967168225 18530 18334 18416 18433 1667967168228 1
18556 18359 18453 18467 1667967168345 18556 18360 18453 18467 1667967168345 1
18574 18376 18469 18474 1667967168406 18574 18377 18469 18474 1667967168409 1
18590 18392 18485 18492 1667967168459 18590 18393 18485 18492 1667967168462 1
18613 18416 18508 18516 1667967168569 18613 18417 18508 18516 1667967168589 1
18633 18436 18527 18536 1667967168697 18633 18437 18527 18536 1667967168703 1
18653 18456 18547 18556 1667967168791 18653 18457 18547 18556 1667967168794 1
18679 18482 18584 18590 1667967168901 18679 18483 18584 18590 1667967168901 1
18695 18500 18602 18608 1667967168974 18695 18501 18602 18608 1667967168974 1
18708 18519 18621 18627 1667967169062 18708 18520 18621 18627 1667967169069 1
18727 18539 18641 18647 1667967169182 18727 18540 18641 18647 1667967169183 1
18757 18560 18661 18667 1667967169332 18762 18565 18661 18673 1667967169350 1
18781 18582 18681 18690 1667967169427 18781 18585 18681 18693 1667967169437 1
18811 18606 18713 18714 1667967169505 18815 18611 18720 18715 1667967169514 1
18830 18626 18735 18735 1667967169565 18830 18629 18738 18735 1667967169571 1
18858 18651 18759 18767 1667967169690 18858 18652 18759 18767 1667967169694 1
18890 18677 18794 18792 1667967169836 18890 18678 18794 18792 1667967169840 1
18908 18695 18811 18811 1667967169953 18908 18696 18811 18811 1667967169964 1
18928 18715 18832 18828 1667967170054 18928 18716 18832 18828 1667967170060 1
18938 18734 18852 18850 1667967170133 18938 18737 18852 18853 1667967170145 1
18959 18754 18872 18870 1667967170245 18959 18755 18872 18870 1667967170258 1
18978 18774 18892 18890 1667967170380 18978 18775 18892 18890 1667967170393 1
18998 18792 18909 18908 1667967170558 18998 18793 18909 18908 1667967170565 1
19013 18809 18926 18918 1667967170606 19013 18812 18929 18918 1667967170610 1
19058 18843 18966 18967 1667967170781 19058 18844 18966 18967 1667967170799 1
19075 18861 18986 18985 1667967170899 19075 18862 18986 18985 1667967170905 1
19098 18883 19006 19007 1667967171028 19098 18884 19006 19007 1667967171031 1
19111 18898 19021 19014 1667967171093 19115 18903 19028 19015 1667967171110 1
19134 18920 19045 19034 1667967171228 19134 18921 19045 19034 1667967171233 1
19154 18940 19065 19054 1667967171349 19154 18941 19065 19054 1667967171355 1
19173 18960 19085 19077 1667967171485 19173 18961 19085 19077 1667967171487 1
19192 18980 19105 19097 1667967171609 19192 18981 19105 19097 1667967171612 1
19212 18997 19112 19113 1667967171704 19212 18998 19112 19113 1667967171707 1
19227 19013 19129 19129 1667967171775 19227 19014 19129 19129 1667967171780 1
19248 19035 19152 19149 1667967171829 19248 19036 19152 19149 1667967171831 1
19257 19051 19168 19158 1667967171850 19257 19052 19168 19158 1667967171856 1
19277 19071 19188 19177 1667967171930 19277 19072 19188 19177 1667967171945 1
19297 19091 19208 19197 1667967172092 19297 19092 19208 19197 1667967172098 1
19317 19111 19228 19217 1667967172211 19317 19114 19231 19217 1667967172240 1
19337 19131 19248 19237 1667967172340 19337 19132 19248 19237 1667967172342 1
19353 19148 19256 19256 1667967172415 19353 19149 19256 19256 1667967172433 1
19373 19168 19276 19276 1667967172530 19376 19171 19276 19276 1667967172543 1
19398 19194 19312 19310 1667967172757 19398 19195 19312 19310 1667967172758 1
19418 19214 19332 19330 1667967172865 19418 19215 19332 19330 1667967172873 1
19438 19232 19349 19348 1667967172936 19438 19233 19349 19348 1667967172939 1
19458 19251 19358 19367 1667967172971 19458 19254 19358 19370 1667967173006 1
19478 19274 19391 19391 1667967173172 19478 19275 19391 19391 1667967173202 1
19498 19294 19411 19411 1667967173324 19498 19295 19411 19411 1667967173340 1
19530 19317 19433 19433 1667967173482 19533 19320 19433 19433 1667967173507 1
19548 19335 19452 19450 1667967173609 19553 19340 19452 19456 1667967173649 1
19572 19357 19472 19473 1667967173765 19572 19358 19472 19473 1667967173784 1
19590 19377 19495 19493 1667967173908 19590 19378 19495 19493 1667967173927 1
19612 19397 19513 19513 1667967174022 19612 19400 19513 19516 1667967174029 1
19627 19413 19529 19529 1667967174067 19627 19414 19529 19529 1667967174069 1
19644 19429 19537 19539 1667967174085 19645 19432 19537 19539 1667967174102 1
19661 19449 19558 19558 1667967174181 19661 19450 19558 19558 1667967174181 1
19685 19471 19580 19577 1667967174295 19685 19472 19580 19577 1667967174300 1
19705 19491 19600 19597 1667967174405 19705 19492 19600 19597 1667967174407 1
19725 19511 19620 19617 1667967174538 19725 19514 19623 19617 1667967174563 1
19745 19531 19640 19637 1667967174659 19745 19534 19643 19637 1667967174668 1
19761 19549 19658 19658 1667967174779 19761 19552 19661 19658 1667967174786 1
19784 19571 19680 19677 1667967174907 19787 19574 19680 19677 1667967174929 1
19802 19589 19698 19694 1667967175032 19802 19590 19698 19694 1667967175032 1
19826 19612 19729 19717 1667967175181 19826 19613 19729 19717 1667967175181 1
19843 19632 19750 19740 1667967175248 19843 19633 19750 19740 1667967175250 1
19852 19649 19767 19757 1667967175311 19852 19650 19767 19757 1667967175313 1
19864 19669 19794 19778 1667967175389 19864 19672 19797 19778 1667967175407 1
19873 19684 19809 19792 1667967175455 19873 19687 19812 19792 1667967175463 1
19888 19709 19843 19825 1667967175538 19888 19710 19843 19825 1667967175538 1
19897 19724 19857 19840 1667967175573 19897 19725 19857 19840 1667967175578 1
19906 19743 19877 19859 1667967175670 19906 19744 19877 19859 1667967175670 1
19915 19760 19894 19876 1667967175765 19915 19763 19894 19879 1667967175782 1
19925 19775 19908 19891 1667967175861 19925 19776 19908 19891 1667967175870 1
19931 19789 19922 19897 1667967175919 19931 19792 19925 19897 1667967175938 1
19939 19806 19939 19914 1667967176024 19939 19807 19939 19914 1667967176027 1
19949 19823 19948 19939 1667967176119 19949 19826 19948 19942 1667967176135 1
19955 19837 19954 19953 1667967176168 19955 19838 19954 19953 1667967176168 1
19959 19848 19958 19957 1667967176209 19959 19849 19958 19957 1667967176229 1
19962 19859 19961 19960 1667967176264 19962 19860 19961 19960 1667967176268 1
19965 19870 19964 19963 1667967176277 19965 19871 19964 19963 1667967176279 1
19968 19881 19967 19966 1667967176325 19968 19882 19967 19966 1667967176355 1
19971 19892 19970 19969 1667967176402 19971 19893 19970 19969 1667967176402 1
19974 19903 19973 19972 1667967176413 19974 19904 19973 19972 1667967176456 1
19977 19914 19976 19975 1667967176471 19977 19915 19976 19975 1667967176493 1
19980 19925 19979 19978 1667967176602 19980 19926 19979 19978 1667967176603 1
19983 19936 19982 19981 1667967176647 19983 19937 19982 19981 1667967176647 1
19986 19947 19985 19984 1667967176680 19986 19948 19985 19984 1667967176710 1
19989 19958 19988 19987 1667967176743 19989 19959 19988 19987 1667967176756 1
19992 19969 19991 19990 1667967176843 19992 19970 19991 19990 1667967176843 1
19995 19980 19994 19993 1667967176865 19995 19981 19994 19993 1667967176871 1
19998 19991 19997 19996 1667967176910 19998 19992 19997 19996 1667967176914 1
