3 3 10 4 1667967073211 3 3 11 4 1667967073217 2
19 19 26 21 1667967073268 25 24 31 21 1667967073296 2
42 39 46 37 1667967073373 43 44 51 44 1667967073387 2
62 59 66 58 1667967073464 62 59 67 58 1667967073472 2
75 64 78 65 1667967073487 75 64 79 65 1667967073488 2
78 69 90 69 1667967073500 78 69 92 71 1667967073503 2
97 85 109 86 1667967073595 97 85 110 86 1667967073598 2
119 108 131 109 1667967073665 119 108 132 109 1667967073680 2
140 125 151 130 1667967073712 140 125 152 130 1667967073712 2
189 170 185 169 1667967073843 189 170 186 169 1667967073859 2
196 186 201 196 1667967073895 196 190 206 201 1667967073905 2
224 221 228 220 1667967074049 224 224 231 220 1667967074067 2
245 242 249 252 1667967074175 245 242 250 252 1667967074178 2
296 293 284 291 1667967074296 296 293 285 291 1667967074304 2
303 309 300 303 1667967074341 303 309 301 303 1667967074355 2
319 325 316 318 1667967074428 319 325 317 318 1667967074428 2
339 343 335 329 1667967074498 339 343 336 329 1667967074498 2
359 367 358 361 1667967074545 359 367 359 361 1667967074545 2
384 389 380 380 1667967074597 384 389 381 380 1667967074612 2
405 413 403 414 1667967074722 405 413 406 417 1667967074734 2
428 431 423 434 1667967074840 428 431 424 434 1667967074843 2
445 450 441 452 1667967074933 445 450 442 452 1667967074934 2
462 466 458 460 1667967074985 465 466 461 460 1667967075011 2
486 500 483 486 1667967075045 486 503 486 486 1667967075063 2
505 520 503 506 1667967075148 505 523 506 506 1667967075156 2
542 544 529 540 1667967075267 542 544 530 540 1667967075274 2
556 559 544 547 1667967075295 556 559 545 547 1667967075298 2
560 565 556 559 1667967075333 560 565 557 559 1667967075346 2
575 572 570 565 1667967075368 579 574 575 565 1667967075377 2
595 592 591 577 1667967075410 595 592 592 577 1667967075419 2
611 607 607 592 1667967075477 611 607 608 592 1667967075482 2
615 612 618 597 1667967075489 617 612 621 597 1667967075495 2
630 617 634 605 1667967075503 630 622 637 605 1667967075533 2
652 641 656 625 1667967075621 652 641 657 625 1667967075625 2
673 659 677 656 1667967075713 676 659 680 656 1667967075717 2
692 671 696 675 1667967075764 692 671 697 675 1667967075767 2
710 691 714 690 1667967075806 714 692 719 698 1667967075833 2
731 708 734 713 1667967075874 731 708 735 713 1667967075890 2
752 733 756 733 1667967075982 752 736 759 733 1667967076001 2
772 753 776 752 1667967076058 772 753 777 752 1667967076067 2
792 773 796 772 1667967076154 792 773 797 772 1667967076163 2
807 777 811 790 1667967076204 807 777 812 790 1667967076216 2
827 800 831 806 1667967076289 830 800 834 806 1667967076298 2
846 819 850 818 1667967076357 849 819 853 818 1667967076373 2
864 836 868 838 1667967076435 864 836 869 838 1667967076445 2
868 841 880 851 1667967076459 872 841 885 856 1667967076486 2
885 853 899 870 1667967076515 885 853 900 870 1667967076517 2
907 872 919 889 1667967076577 912 872 924 893 1667967076588 2
929 892 941 912 1667967076700 929 892 942 912 1667967076702 2
933 910 956 927 1667967076769 941 910 961 930 1667967076783 2
958 929 978 949 1667967076880 958 929 979 949 1667967076884 2
978 960 999 969 1667967076994 978 960 1000 969 1667967077000 2
983 964 1011 982 1667967077019 983 964 1014 985 1667967077037 2
1024 1003 1044 1021 1667967077141 1027 1003 1047 1021 1667967077179 2
1044 1023 1064 1043 1667967077230 1044 1023 1065 1043 1667967077230 2
1065 1052 1085 1064 1667967077317 1065 1052 1086 1064 1667967077317 2
1084 1063 1104 1083 1667967077379 1087 1063 1107 1083 1667967077399 2
1104 1083 1124 1103 1667967077485 1104 1083 1125 1103 1667967077499 2
1124 1103 1144 1123 1667967077587 1124 1103 1145 1123 1667967077602 2
1128 1121 1159 1138 1667967077627 1128 1121 1160 1138 1667967077630 2
1154 1141 1181 1160 1667967077714 1154 1141 1182 1160 1667967077716 2
1170 1158 1198 1169 1667967077743 1173 1158 1201 1169 1667967077752 2
1188 1174 1216 1187 1667967077835 1188 1174 1217 1187 1667967077838 2
1205 1184 1233 1204 1667967077878 1205 1184 1234 1204 1667967077881 2
1223 1203 1251 1220 1667967077946 1226 1209 1256 1220 1667967077961 2
1242 1223 1270 1229 1667967077996 1242 1223 1271 1229 1667967078001 2
1257 1232 1287 1250 1667967078068 1257 1232 1288 1250 1667967078071 2
1288 1267 1315 1286 1667967078169 1288 1267 1316 1286 1667967078184 2
1300 1280 1328 1289 1667967078207 1300 1280 1329 1289 1667967078207 2
1304 1285 1339 1294 1667967078213 1304 1285 1340 1294 1667967078217 2
1318 1291 1353 1300 1667967078234 1321 1297 1360 1305 1667967078282 2
1339 1314 1377 1324 1667967078379 1339 1314 1378 1324 1667967078382 2
1356 1332 1395 1342 1667967078477 1362 1337 1400 1342 1667967078495 2
1381 1354 1417 1361 1667967078602 1381 1357 1420 1361 1667967078625 2
1397 1372 1435 1382 1667967078712 1397 1372 1436 1382 1667967078714 2
1413 1394 1457 1410 1667967078780 1413 1394 1458 1410 1667967078783 2
1435 1413 1478 1441 1667967078851 1435 1413 1479 1441 1667967078851 2
1454 1438 1500 1463 1667967078933 1454 1438 1501 1463 1667967078948 2
1474 1455 1518 1481 1667967079050 1474 1458 1521 1481 1667967079055 2
1493 1474 1537 1489 1667967079109 1493 1477 1540 1489 1667967079123 2
1509 1492 1555 1510 1667967079163 1509 1492 1556 1510 1667967079167 2
1515 1496 1567 1522 1667967079189 1515 1496 1568 1522 1667967079198 2
1553 1526 1597 1558 1667967079342 1553 1529 1600 1558 1667967079366 2
1585 1559 1622 1591 1667967079469 1585 1559 1623 1591 1667967079481 2
1617 1576 1646 1617 1667967079589 1617 1576 1647 1617 1667967079609 2
1648 1593 1667 1638 1667967079665 1648 1593 1668 1638 1667967079672 2
1677 1618 1689 1649 1667967079733 1677 1618 1690 1649 1667967079733 2
1693 1633 1705 1666 1667967079815 1700 1638 1712 1673 1667967079832 2
1715 1656 1727 1689 1667967079935 1720 1656 1732 1693 1667967079965 2
1735 1676 1747 1709 1667967080039 1736 1676 1750 1713 1667967080056 2
1755 1696 1767 1729 1667967080145 1755 1696 1768 1729 1667967080158 2
1777 1716 1789 1752 1667967080246 1777 1716 1790 1752 1667967080252 2
1797 1736 1809 1772 1667967080349 1797 1736 1810 1772 1667967080372 2
1805 1756 1826 1789 1667967080431 1805 1756 1827 1789 1667967080438 2
1823 1772 1843 1795 1667967080502 1823 1775 1846 1795 1667967080517 2
1840 1790 1861 1815 1667967080629 1844 1790 1864 1815 1667967080646 2
1860 1810 1881 1835 1667967080691 1860 1810 1882 1835 1667967080694 2
1881 1829 1901 1855 1667967080739 1881 1829 1902 1855 1667967080745 2
1906 1853 1926 1889 1667967080941 1906 1853 1927 1889 1667967080946 2
1970 1918 1966 1945 1667967081152 1970 1918 1969 1948 1667967081167 2
1991 1930 1987 1966 1667967081240 1991 1930 1988 1966 1667967081255 2
2011 1951 2007 1986 1667967081295 2011 1951 2008 1986 1667967081297 2
2016 1965 2020 1999 1667967081325 2016 1965 2021 1999 1667967081325 2
2027 1974 2038 2017 1667967081346 2027 1974 2039 2017 1667967081350 2
2047 1993 2058 2037 1667967081470 2047 1993 2061 2040 1667967081474 2
2084 2030 2087 2074 1667967081599 2084 2030 2088 2074 1667967081613 2
2099 2047 2103 2090 1667967081648 2099 2047 2104 2090 1667967081651 2
2134 2073 2130 2117 1667967081764 2134 2073 2131 2117 1667967081768 2
2154 2093 2150 2137 1667967081871 2157 2093 2153 2137 1667967081876 2
2174 2115 2170 2155 1667967081991 2177 2115 2173 2155 1667967082016 2
2192 2132 2188 2174 1667967082097 2192 2136 2191 2174 1667967082124 2
2203 2152 2207 2192 1667967082171 2203 2152 2208 2192 1667967082180 2
2219 2170 2225 2212 1667967082210 2219 2170 2226 2212 1667967082218 2
2255 2193 2251 2246 1667967082347 2258 2193 2254 2246 1667967082351 2
2272 2214 2269 2262 1667967082416 2272 2214 2270 2262 1667967082416 2
2277 2218 2280 2267 1667967082423 2279 2218 2283 2267 1667967082430 2
2296 2225 2299 2286 1667967082458 2296 2232 2304 2291 1667967082477 2
2318 2249 2321 2308 1667967082520 2318 2249 2322 2308 1667967082526 2
2332 2264 2336 2314 1667967082576 2335 2270 2341 2314 1667967082607 2
2366 2288 2362 2349 1667967082681 2366 2288 2363 2349 1667967082687 2
2375 2308 2379 2365 1667967082770 2375 2313 2384 2369 1667967082797 2
2392 2328 2399 2386 1667967082855 2392 2328 2400 2386 1667967082855 2
2416 2341 2421 2416 1667967082928 2416 2341 2422 2416 1667967082932 2
2434 2357 2438 2423 1667967083016 2434 2357 2439 2423 1667967083016 2
2454 2377 2458 2445 1667967083095 2454 2377 2459 2445 1667967083109 2
2480 2411 2484 2479 1667967083206 2480 2411 2485 2479 1667967083209 2
2487 2431 2501 2496 1667967083322 2487 2431 2504 2499 1667967083346 2
2507 2451 2521 2516 1667967083453 2507 2451 2522 2516 1667967083453 2
2521 2465 2536 2522 1667967083537 2521 2465 2537 2522 1667967083544 2
2541 2474 2553 2537 1667967083610 2541 2474 2554 2537 1667967083610 2
2564 2507 2578 2565 1667967083812 2564 2507 2579 2565 1667967083816 2
2581 2525 2596 2583 1667967083925 2581 2525 2597 2583 1667967083927 2
2595 2544 2615 2600 1667967083971 2595 2547 2618 2600 1667967083993 2
2616 2568 2638 2633 1667967084088 2616 2568 2641 2636 1667967084102 2
2636 2585 2656 2651 1667967084165 2636 2588 2659 2651 1667967084177 2
2665 2605 2677 2671 1667967084247 2665 2609 2680 2671 1667967084254 2
2688 2631 2701 2696 1667967084322 2688 2631 2702 2696 1667967084349 2
2714 2647 2718 2705 1667967084376 2714 2647 2720 2707 1667967084383 2
2747 2675 2745 2740 1667967084456 2747 2675 2748 2743 1667967084475 2
2769 2694 2765 2759 1667967084585 2773 2694 2770 2765 1667967084595 2
2792 2715 2787 2782 1667967084651 2792 2715 2790 2785 1667967084688 2
2812 2735 2807 2802 1667967084741 2812 2735 2808 2802 1667967084760 2
2826 2751 2822 2805 1667967084789 2830 2752 2827 2814 1667967084813 2
2849 2771 2844 2831 1667967084906 2849 2771 2845 2831 1667967084910 2
2866 2791 2862 2849 1667967085007 2866 2791 2863 2849 1667967085016 2
2888 2813 2884 2869 1667967085104 2888 2813 2885 2869 1667967085106 2
2906 2830 2902 2888 1667967085211 2909 2836 2907 2888 1667967085236 2
2928 2853 2924 2908 1667967085344 2928 2853 2925 2908 1667967085357 2
2948 2873 2944 2929 1667967085445 2948 2876 2947 2929 1667967085454 2
2970 2897 2967 2962 1667967085546 2970 2897 2970 2965 1667967085549 2
2989 2917 2987 2982 1667967085597 2989 2917 2988 2982 1667967085599 2
3022 2937 3010 3005 1667967085712 3022 2937 3011 3005 1667967085715 2
3038 2955 3026 3020 1667967085796 3038 2955 3027 3020 1667967085800 2
3063 2980 3051 3054 1667967085886 3066 2980 3054 3054 1667967085900 2
3083 3000 3071 3074 1667967086021 3083 3000 3072 3074 1667967086029 2
3108 3033 3096 3096 1667967086139 3108 3036 3099 3096 1667967086142 2
3128 3051 3116 3116 1667967086238 3128 3051 3117 3116 1667967086242 2
3144 3071 3134 3137 1667967086313 3144 3074 3137 3137 1667967086321 2
3170 3091 3157 3168 1667967086418 3170 3091 3158 3168 1667967086420 2
3185 3111 3174 3176 1667967086445 3185 3114 3177 3176 1667967086458 2
3208 3133 3196 3196 1667967086532 3208 3133 3197 3196 1667967086541 2
3226 3149 3214 3217 1667967086578 3229 3156 3219 3217 1667967086593 2
3244 3171 3234 3237 1667967086633 3244 3174 3237 3237 1667967086640 2
3264 3188 3252 3253 1667967086703 3267 3194 3257 3253 1667967086719 2
3286 3214 3276 3279 1667967086797 3286 3214 3279 3282 1667967086803 2
3306 3234 3296 3299 1667967086912 3306 3234 3297 3299 1667967086929 2
3326 3254 3316 3319 1667967087048 3326 3254 3317 3319 1667967087063 2
3343 3269 3332 3335 1667967087133 3343 3269 3335 3338 1667967087136 2
3352 3288 3351 3354 1667967087166 3352 3288 3352 3354 1667967087166 2
3373 3306 3369 3371 1667967087233 3373 3306 3370 3371 1667967087236 2
3395 3328 3391 3394 1667967087300 3395 3328 3392 3394 1667967087300 2
3413 3356 3411 3406 1667967087359 3418 3356 3414 3406 1667967087368 2
3432 3365 3428 3420 1667967087397 3433 3366 3431 3426 1667967087413 2
3442 3380 3445 3440 1667967087439 3442 3380 3446 3440 1667967087457 2
3455 3386 3459 3446 1667967087470 3458 3393 3464 3446 1667967087480 2
3474 3408 3479 3465 1667967087500 3478 3408 3482 3465 1667967087509 2
3498 3431 3502 3497 1667967087634 3498 3431 3503 3497 1667967087643 2
3518 3451 3522 3516 1667967087722 3518 3456 3527 3520 1667967087739 2
3547 3471 3543 3536 1667967087786 3548 3477 3548 3541 1667967087820 2
3571 3496 3567 3559 1667967087971 3571 3496 3568 3559 1667967087985 2
3591 3516 3587 3579 1667967088089 3594 3516 3590 3579 1667967088101 2
3611 3536 3607 3599 1667967088218 3611 3536 3608 3599 1667967088226 2
3618 3552 3623 3626 1667967088274 3622 3559 3630 3629 1667967088313 2
3653 3578 3649 3659 1667967088393 3654 3583 3654 3663 1667967088417 2
3675 3599 3671 3681 1667967088488 3675 3599 3672 3681 1667967088493 2
3697 3622 3693 3701 1667967088567 3697 3622 3694 3701 1667967088571 2
3714 3640 3711 3721 1667967088673 3714 3640 3712 3721 1667967088681 2
3761 3677 3741 3758 1667967088776 3765 3685 3748 3765 1667967088804 2
3785 3702 3765 3782 1667967088851 3785 3702 3766 3782 1667967088860 2
3798 3706 3778 3796 1667967088892 3798 3706 3779 3796 1667967088892 2
3802 3711 3789 3800 1667967088902 3805 3716 3796 3807 1667967088937 2
3823 3732 3811 3822 1667967088990 3823 3732 3814 3825 1667967089007 2
3841 3744 3830 3841 1667967089057 3841 3744 3833 3844 1667967089084 2
3857 3762 3848 3859 1667967089135 3857 3762 3851 3862 1667967089147 2
3870 3776 3865 3876 1667967089218 3870 3776 3866 3876 1667967089233 2
3886 3793 3882 3881 1667967089260 3887 3800 3887 3888 1667967089290 2
3906 3815 3902 3904 1667967089349 3906 3815 3903 3904 1667967089355 2
3924 3833 3920 3922 1667967089399 3927 3833 3923 3922 1667967089409 2
3945 3854 3941 3934 1667967089471 3945 3854 3942 3934 1667967089475 2
3961 3872 3959 3954 1667967089561 3961 3875 3962 3954 1667967089567 2
3983 3891 3979 3973 1667967089701 3986 3897 3984 3973 1667967089717 2
4004 3914 4001 3996 1667967089826 4004 3914 4002 3996 1667967089846 2
4023 3932 4019 4011 1667967089899 4023 3932 4020 4011 1667967089899 2
4046 3963 4042 4036 1667967089946 4046 3963 4043 4036 1667967089950 2
4058 3967 4054 4040 1667967089968 4062 3973 4061 4048 1667967090014 2
4080 3992 4078 4065 1667967090165 4080 3992 4079 4065 1667967090194 2
4109 4010 4097 4083 1667967090332 4113 4010 4102 4089 1667967090336 2
4131 4021 4118 4105 1667967090429 4131 4021 4119 4105 1667967090454 2
4146 4042 4136 4123 1667967090494 4151 4042 4139 4123 1667967090500 2
4167 4060 4154 4141 1667967090530 4167 4060 4157 4144 1667967090542 2
4185 4070 4173 4159 1667967090607 4185 4070 4174 4159 1667967090617 2
4219 4103 4199 4185 1667967090702 4222 4103 4202 4185 1667967090717 2
4234 4110 4214 4200 1667967090749 4234 4110 4215 4200 1667967090751 2
4253 4130 4233 4209 1667967090793 4254 4131 4236 4215 1667967090800 2
4273 4139 4252 4231 1667967090845 4273 4139 4255 4234 1667967090855 2
4303 4173 4276 4254 1667967090943 4307 4173 4279 4254 1667967090955 2
4321 4179 4293 4272 1667967090994 4324 4179 4296 4272 1667967091024 2
4338 4191 4310 4286 1667967091076 4338 4191 4311 4286 1667967091085 2
4357 4210 4328 4307 1667967091143 4357 4213 4333 4312 1667967091152 2
4380 4231 4352 4331 1667967091271 4380 4231 4353 4331 1667967091283 2
4400 4251 4372 4351 1667967091388 4400 4251 4373 4351 1667967091403 2
4407 4268 4387 4366 1667967091425 4407 4268 4388 4366 1667967091425 2
4436 4289 4408 4386 1667967091493 4439 4289 4411 4386 1667967091506 2
4458 4314 4432 4411 1667967091620 4458 4314 4433 4411 1667967091624 2
4474 4328 4447 4417 1667967091699 4474 4328 4448 4417 1667967091699 2
4494 4338 4466 4437 1667967091749 4494 4338 4467 4437 1667967091752 2
4512 4357 4484 4454 1667967091815 4513 4357 4487 4458 1667967091820 2
4518 4372 4499 4470 1667967091850 4518 4372 4500 4470 1667967091854 2
4538 4390 4518 4480 1667967091911 4538 4390 4519 4480 1667967091915 2
4558 4410 4538 4500 1667967091978 4561 4416 4543 4500 1667967092035 2
4581 4434 4561 4532 1667967092122 4581 4437 4564 4532 1667967092125 2
4596 4449 4576 4537 1667967092154 4599 4449 4579 4537 1667967092162 2
4630 4483 4602 4564 1667967092217 4630 4483 4603 4564 1667967092217 2
4636 4499 4618 4573 1667967092235 4636 4499 4619 4573 1667967092242 2
4645 4514 4635 4590 1667967092291 4645 4519 4638 4590 1667967092297 2
4667 4535 4655 4609 1667967092435 4667 4535 4656 4609 1667967092442 2
4706 4575 4686 4647 1667967092665 4706 4575 4687 4647 1667967092692 2
4723 4593 4704 4666 1667967092767 4727 4593 4707 4666 1667967092804 2
4746 4615 4726 4686 1667967092991 4746 4618 4729 4686 1667967093000 2
4763 4633 4744 4706 1667967093140 4767 4638 4749 4706 1667967093172 2
4782 4653 4764 4727 1667967093335 4782 4653 4765 4727 1667967093335 2
4810 4676 4789 4760 1667967093459 4810 4676 4790 4760 1667967093462 2
4825 4697 4807 4778 1667967093497 4830 4697 4810 4778 1667967093513 2
4850 4717 4829 4800 1667967093587 4850 4717 4830 4800 1667967093600 2
4865 4737 4847 4818 1667967093692 4865 4737 4848 4818 1667967093692 2
4886 4755 4866 4826 1667967093787 4889 4755 4869 4826 1667967093796 2
4904 4772 4884 4846 1667967093902 4904 4776 4887 4846 1667967093917 2
4924 4791 4904 4867 1667967093962 4924 4791 4905 4867 1667967093962 2
4942 4813 4924 4887 1667967094010 4947 4813 4927 4887 1667967094026 2
4964 4837 4947 4918 1667967094149 4964 4837 4950 4921 1667967094169 2
4977 4856 4966 4937 1667967094250 4977 4856 4967 4937 1667967094263 2
4996 4876 4986 4957 1667967094398 4996 4876 4987 4957 1667967094398 2
5017 4891 5004 4975 1667967094457 5017 4891 5005 4975 1667967094457 2
5045 4913 5025 4996 1667967094517 5045 4917 5028 4996 1667967094530 2
5066 4935 5046 5006 1667967094581 5069 4935 5049 5006 1667967094610 2
5085 4953 5065 5036 1667967094695 5085 4957 5068 5036 1667967094718 2
5097 4976 5086 5057 1667967094817 5097 4976 5087 5057 1667967094817 2
5116 4993 5104 5075 1667967094903 5116 4998 5109 5078 1667967094919 2
5136 5013 5124 5092 1667967094967 5136 5013 5125 5092 1667967094967 2
5156 5035 5146 5117 1667967095024 5156 5035 5147 5117 1667967095034 2
5188 5056 5168 5146 1667967095127 5189 5061 5173 5152 1667967095141 2
5219 5093 5198 5185 1667967095218 5219 5093 5199 5185 1667967095223 2
5250 5126 5222 5208 1667967095357 5253 5126 5225 5208 1667967095380 2
5270 5147 5242 5225 1667967095470 5270 5147 5243 5225 1667967095476 2
5292 5169 5264 5249 1667967095589 5292 5169 5265 5249 1667967095591 2
5312 5189 5284 5268 1667967095670 5312 5189 5285 5268 1667967095670 2
5327 5196 5299 5285 1667967095723 5327 5196 5300 5285 1667967095731 2
5342 5210 5314 5291 1667967095765 5342 5210 5315 5291 1667967095787 2
5359 5227 5331 5300 1667967095815 5359 5227 5332 5300 1667967095817 2
5393 5257 5359 5338 1667967095912 5393 5257 5360 5338 1667967095919 2
5415 5276 5379 5358 1667967096025 5415 5276 5380 5358 1667967096032 2
5435 5296 5399 5377 1667967096135 5435 5296 5400 5377 1667967096142 2
5453 5313 5417 5396 1667967096246 5460 5318 5424 5401 1667967096275 2
5477 5336 5441 5420 1667967096410 5480 5336 5444 5420 1667967096416 2
5497 5356 5461 5440 1667967096499 5497 5356 5462 5440 1667967096503 2
5517 5376 5481 5460 1667967096631 5517 5376 5482 5460 1667967096635 2
5535 5396 5499 5477 1667967096718 5535 5396 5500 5477 1667967096725 2
5558 5416 5521 5500 1667967096817 5558 5416 5524 5503 1667967096827 2
5589 5442 5545 5532 1667967096904 5592 5442 5550 5535 1667967096919 2
5607 5463 5565 5552 1667967096968 5613 5463 5570 5557 1667967096992 2
5630 5484 5587 5572 1667967097038 5630 5484 5588 5572 1667967097042 2
5649 5502 5605 5592 1667967097118 5649 5502 5606 5592 1667967097120 2
5663 5508 5619 5595 1667967097160 5666 5508 5622 5595 1667967097191 2
5684 5531 5641 5620 1667967097299 5684 5531 5642 5620 1667967097303 2
5702 5547 5658 5626 1667967097383 5702 5547 5659 5626 1667967097387 2
5722 5567 5678 5646 1667967097510 5722 5567 5679 5646 1667967097513 2
5739 5574 5695 5666 1667967097572 5739 5574 5696 5666 1667967097586 2
5755 5594 5713 5681 1667967097666 5755 5594 5714 5681 1667967097668 2
5780 5614 5735 5706 1667967097780 5780 5614 5736 5706 1667967097784 2
5798 5631 5753 5724 1667967097837 5798 5631 5754 5724 1667967097847 2
5812 5640 5770 5742 1667967097882 5812 5646 5773 5742 1667967097885 2
5834 5662 5790 5760 1667967097956 5834 5662 5791 5760 1667967097962 2
5853 5672 5809 5780 1667967098005 5856 5672 5812 5780 1667967098010 2
5873 5692 5829 5800 1667967098128 5873 5692 5830 5800 1667967098142 2
5891 5712 5847 5817 1667967098254 5891 5712 5848 5817 1667967098259 2
5909 5729 5865 5836 1667967098374 5912 5735 5870 5836 1667967098384 2
5930 5751 5886 5847 1667967098494 5930 5751 5887 5847 1667967098501 2
5950 5771 5906 5866 1667967098607 5950 5771 5907 5866 1667967098616 2
5967 5789 5924 5886 1667967098717 5967 5789 5925 5886 1667967098717 2
5974 5804 5939 5901 1667967098752 5974 5804 5940 5901 1667967098760 2
5999 5828 5963 5923 1667967098826 5999 5828 5964 5923 1667967098831 2
6019 5848 5983 5943 1667967098910 6019 5848 5984 5943 1667967098923 2
6026 5865 6000 5963 1667967098972 6026 5868 6003 5963 1667967098976 2
6046 5883 6018 5980 1667967099030 6046 5884 6021 5984 1667967099040 2
6066 5903 6038 6000 1667967099120 6066 5903 6039 6000 1667967099123 2
6086 5926 6060 6023 1667967099231 6086 5926 6063 6026 1667967099254 2
6109 5944 6080 6043 1667967099348 6109 5944 6081 6043 1667967099348 2
6127 5966 6100 6063 1667967099470 6127 5966 6101 6063 1667967099484 2
6146 5983 6118 6081 1667967099619 6146 5983 6119 6081 1667967099628 2
6166 6005 6140 6103 1667967099735 6166 6008 6143 6103 1667967099751 2
6186 6025 6160 6123 1667967099837 6186 6025 6161 6123 1667967099838 2
6204 6035 6177 6140 1667967099900 6204 6035 6180 6143 1667967099913 2
6236 6055 6200 6163 1667967100019 6239 6055 6203 6163 1667967100042 2
6260 6089 6224 6195 1667967100163 6260 6094 6229 6198 1667967100185 2
6313 6134 6261 6246 1667967100372 6313 6134 6262 6246 1667967100376 2
6331 6151 6279 6265 1667967100479 6331 6151 6280 6265 1667967100484 2
6351 6171 6299 6285 1667967100627 6351 6171 6300 6285 1667967100630 2
6368 6181 6316 6302 1667967100713 6371 6181 6319 6302 1667967100722 2
6387 6200 6335 6311 1667967100810 6387 6200 6336 6311 1667967100812 2
6394 6217 6352 6331 1667967100943 6394 6217 6353 6331 1667967100965 2
6414 6237 6372 6351 1667967101065 6414 6240 6375 6351 1667967101082 2
6447 6260 6395 6371 1667967101133 6447 6260 6396 6371 1667967101136 2
6467 6280 6415 6391 1667967101175 6467 6280 6416 6391 1667967101179 2
6474 6295 6430 6406 1667967101212 6474 6298 6433 6406 1667967101237 2
6507 6319 6455 6434 1667967101378 6510 6319 6458 6434 1667967101398 2
6527 6338 6475 6454 1667967101502 6527 6338 6476 6454 1667967101508 2
6531 6356 6490 6469 1667967101575 6537 6356 6493 6469 1667967101597 2
6551 6372 6507 6474 1667967101676 6554 6372 6510 6474 1667967101700 2
6572 6395 6529 6500 1667967101822 6572 6395 6530 6500 1667967101825 2
6591 6415 6549 6520 1667967101928 6591 6415 6550 6520 1667967101942 2
6611 6435 6569 6540 1667967102039 6611 6435 6570 6540 1667967102045 2
6631 6455 6589 6560 1667967102185 6631 6455 6590 6560 1667967102185 2
6667 6488 6615 6583 1667967102351 6667 6488 6616 6583 1667967102358 2
6683 6506 6633 6604 1667967102466 6683 6506 6634 6604 1667967102473 2
6707 6528 6655 6623 1667967102616 6707 6528 6656 6623 1667967102632 2
6727 6548 6675 6643 1667967102717 6727 6551 6678 6643 1667967102740 2
6746 6568 6695 6666 1667967102866 6746 6571 6698 6666 1667967102879 2
6765 6588 6715 6686 1667967102987 6765 6588 6716 6686 1667967102989 2
6787 6608 6735 6704 1667967103078 6787 6611 6738 6704 1667967103084 2
6806 6628 6755 6726 1667967103194 6806 6631 6758 6726 1667967103207 2
6825 6648 6775 6746 1667967103311 6825 6651 6778 6746 1667967103353 2
6842 6664 6791 6761 1667967103470 6842 6669 6796 6765 1667967103480 2
6854 6683 6810 6780 1667967103541 6854 6683 6811 6780 1667967103545 2
6874 6705 6832 6803 1667967103631 6874 6705 6833 6803 1667967103636 2
6894 6725 6852 6823 1667967103712 6894 6725 6853 6823 1667967103712 2
6927 6748 6875 6843 1667967103848 6930 6748 6878 6843 1667967103858 2
6947 6768 6895 6863 1667967103990 6947 6768 6896 6863 1667967103996 2
6968 6789 6916 6895 1667967104126 6973 6789 6921 6898 1667967104138 2
6988 6809 6936 6912 1667967104253 6988 6809 6937 6912 1667967104256 2
7011 6830 6958 6937 1667967104355 7011 6830 6959 6937 1667967104357 2
7030 6859 6978 6946 1667967104463 7030 6859 6979 6946 1667967104469 2
7047 6877 6996 6966 1667967104564 7047 6877 6997 6966 1667967104579 2
7068 6896 7016 6986 1667967104680 7068 6896 7017 6986 1667967104684 2
7072 6901 7028 6999 1667967104712 7072 6901 7029 6999 1667967104712 2
7097 6923 7052 7023 1667967104785 7097 6923 7053 7023 1667967104802 2
7117 6944 7072 7043 1667967104910 7117 6944 7073 7043 1667967104938 2
7131 6960 7087 7046 1667967105008 7135 6961 7092 7055 1667967105020 2
7154 6981 7109 7072 1667967105154 7154 6981 7112 7075 1667967105171 2
7174 7000 7129 7092 1667967105279 7174 7000 7130 7092 1667967105286 2
7207 7036 7155 7115 1667967105427 7207 7036 7156 7115 1667967105441 2
7225 7053 7173 7135 1667967105526 7225 7053 7174 7135 1667967105529 2
7241 7087 7198 7169 1667967105605 7241 7087 7199 7169 1667967105605 2
7260 7105 7216 7184 1667967105658 7260 7105 7217 7184 1667967105662 2
7277 7123 7234 7205 1667967105704 7277 7128 7239 7208 1667967105712 2
7306 7148 7261 7240 1667967105780 7306 7148 7262 7240 1667967105782 2
7320 7164 7276 7246 1667967105810 7320 7164 7277 7246 1667967105813 2
7346 7201 7304 7283 1667967105956 7346 7201 7305 7283 1667967105965 2
7379 7224 7327 7303 1667967106100 7382 7224 7330 7303 1667967106108 2
7399 7244 7347 7323 1667967106251 7399 7244 7348 7323 1667967106255 2
7417 7262 7365 7340 1667967106365 7417 7262 7366 7340 1667967106365 2
7425 7278 7381 7350 1667967106409 7425 7281 7384 7350 1667967106436 2
7445 7298 7401 7369 1667967106547 7445 7298 7402 7369 1667967106550 2
7464 7318 7421 7392 1667967106685 7464 7318 7422 7392 1667967106688 2
7492 7336 7440 7409 1667967106763 7492 7336 7441 7409 1667967106775 2
7513 7349 7461 7432 1667967106812 7513 7349 7462 7432 1667967106827 2
7520 7367 7478 7447 1667967106891 7520 7368 7481 7452 1667967106910 2
7540 7388 7498 7469 1667967107004 7540 7388 7501 7472 1667967107037 2
7560 7408 7518 7489 1667967107103 7560 7408 7521 7492 1667967107131 2
7580 7425 7536 7507 1667967107220 7580 7425 7539 7510 1667967107224 2
7600 7447 7558 7529 1667967107350 7600 7450 7561 7529 1667967107380 2
7620 7467 7578 7549 1667967107546 7620 7467 7579 7549 1667967107555 2
7640 7487 7598 7569 1667967107664 7640 7487 7599 7569 1667967107683 2
7660 7505 7616 7586 1667967107796 7660 7505 7619 7589 1667967107812 2
7691 7527 7639 7609 1667967107899 7694 7527 7642 7609 1667967107927 2
7712 7549 7660 7639 1667967107980 7715 7549 7663 7639 1667967107986 2
7747 7576 7687 7663 1667967108081 7747 7576 7688 7663 1667967108083 2
7767 7595 7707 7686 1667967108181 7767 7595 7708 7686 1667967108186 2
7790 7627 7730 7706 1667967108289 7790 7627 7731 7706 1667967108307 2
7805 7643 7746 7723 1667967108406 7806 7643 7749 7727 1667967108412 2
7831 7671 7773 7760 1667967108553 7831 7671 7774 7760 1667967108553 2
7851 7691 7793 7780 1667967108629 7851 7691 7796 7783 1667967108663 2
7872 7709 7813 7800 1667967108743 7872 7709 7814 7800 1667967108751 2
7900 7728 7832 7818 1667967108816 7900 7728 7833 7818 1667967108816 2
7908 7749 7851 7838 1667967108874 7915 7749 7856 7843 1667967108909 2
7932 7771 7873 7860 1667967109023 7932 7771 7874 7860 1667967109048 2
7954 7789 7893 7880 1667967109153 7954 7789 7894 7880 1667967109156 2
7971 7808 7911 7898 1667967109295 7971 7808 7912 7898 1667967109297 2
7979 7824 7927 7904 1667967109335 7979 7824 7928 7904 1667967109344 2
7996 7833 7944 7921 1667967109378 7996 7833 7945 7921 1667967109391 2
8034 7880 7975 7968 1667967109571 8034 7880 7976 7968 1667967109571 2
8057 7899 7997 7992 1667967109659 8062 7905 8002 7992 1667967109677 2
8077 7921 8017 8011 1667967109724 8080 7921 8020 8011 1667967109738 2
8113 7948 8045 8048 1667967109847 8113 7948 8046 8048 1667967109847 2
8129 7965 8061 8063 1667967109906 8133 7973 8068 8069 1667967109912 2
8151 7988 8083 8085 1667967109960 8151 7988 8084 8085 1667967109963 2
8168 8006 8101 8104 1667967110017 8172 8006 8104 8104 1667967110019 2
8191 8031 8125 8128 1667967110187 8191 8031 8128 8131 1667967110211 2
8211 8048 8143 8146 1667967110355 8211 8051 8146 8146 1667967110357 2
8231 8071 8165 8168 1667967110451 8231 8071 8168 8171 1667967110473 2
8252 8086 8183 8186 1667967110526 8252 8093 8188 8189 1667967110557 2
8271 8110 8205 8208 1667967110662 8271 8110 8206 8208 1667967110669 2
8288 8128 8223 8226 1667967110774 8288 8128 8224 8226 1667967110778 2
8311 8148 8243 8242 1667967110881 8314 8148 8246 8242 1667967110903 2
8344 8182 8269 8271 1667967111077 8348 8182 8272 8271 1667967111122 2
8366 8204 8291 8294 1667967111209 8366 8204 8292 8294 1667967111213 2
8385 8211 8308 8311 1667967111298 8385 8211 8311 8314 1667967111305 2
8402 8231 8326 8329 1667967111409 8402 8231 8329 8332 1667967111428 2
8424 8253 8348 8349 1667967111473 8424 8253 8349 8349 1667967111474 2
8431 8270 8365 8368 1667967111553 8431 8270 8366 8368 1667967111553 2
8448 8288 8383 8386 1667967111628 8448 8291 8386 8386 1667967111630 2
8471 8307 8403 8405 1667967111696 8471 8307 8404 8405 1667967111707 2
8495 8334 8428 8439 1667967111780 8495 8334 8429 8439 1667967111785 2
8514 8354 8448 8459 1667967111906 8514 8354 8451 8462 1667967111922 2
8534 8380 8467 8477 1667967112035 8534 8380 8468 8477 1667967112038 2
8554 8389 8486 8497 1667967112066 8554 8389 8487 8497 1667967112066 2
8573 8400 8505 8516 1667967112095 8573 8400 8506 8516 1667967112097 2
8593 8422 8524 8543 1667967112168 8593 8422 8525 8543 1667967112168 2
8620 8447 8551 8578 1667967112263 8620 8447 8552 8578 1667967112268 2
8637 8466 8569 8596 1667967112385 8640 8466 8572 8596 1667967112409 2
8660 8486 8591 8618 1667967112515 8660 8486 8594 8621 1667967112539 2
8680 8506 8611 8638 1667967112641 8680 8506 8614 8641 1667967112646 2
8700 8526 8631 8658 1667967112785 8700 8526 8632 8658 1667967112789 2
8716 8544 8648 8667 1667967112829 8719 8544 8651 8667 1667967112837 2
8734 8563 8666 8682 1667967112895 8734 8563 8667 8682 1667967112901 2
8759 8596 8691 8707 1667967113021 8762 8596 8694 8707 1667967113041 2
8777 8613 8709 8727 1667967113161 8777 8613 8710 8727 1667967113161 2
8795 8634 8729 8748 1667967113238 8800 8634 8732 8748 1667967113246 2
8819 8656 8751 8767 1667967113345 8819 8659 8754 8767 1667967113370 2
8835 8674 8769 8788 1667967113414 8835 8674 8770 8788 1667967113416 2
8848 8693 8788 8805 1667967113508 8848 8693 8789 8805 1667967113509 2
8869 8717 8811 8838 1667967113614 8869 8717 8814 8841 1667967113626 2
8892 8735 8831 8858 1667967113689 8892 8735 8834 8861 1667967113713 2
8910 8751 8849 8876 1667967113749 8910 8758 8854 8881 1667967113776 2
8929 8774 8869 8896 1667967113858 8929 8774 8870 8896 1667967113858 2
8949 8794 8889 8913 1667967113966 8949 8794 8890 8913 1667967113974 2
8966 8812 8907 8934 1667967114037 8973 8816 8914 8941 1667967114079 2
9001 8845 8933 8958 1667967114145 9001 8845 8934 8958 1667967114154 2
9022 8867 8954 8971 1667967114225 9022 8867 8955 8971 1667967114228 2
9030 8884 8971 8990 1667967114365 9030 8884 8972 8990 1667967114394 2
9049 8904 8991 9010 1667967114487 9049 8904 8992 9010 1667967114507 2
9067 8922 9009 9028 1667967114596 9067 8922 9010 9028 1667967114598 2
9078 8929 9025 9044 1667967114646 9078 8929 9026 9044 1667967114648 2
9111 8964 9051 9067 1667967114788 9111 8964 9052 9067 1667967114803 2
9129 8982 9069 9084 1667967114897 9134 8983 9074 9091 1667967114920 2
9151 9002 9091 9110 1667967115071 9154 9002 9094 9110 1667967115108 2
9171 9022 9111 9130 1667967115241 9171 9022 9112 9130 1667967115244 2
9179 9037 9126 9145 1667967115307 9179 9037 9127 9145 1667967115309 2
9194 9047 9142 9151 1667967115355 9194 9047 9143 9151 1667967115374 2
9201 9062 9157 9167 1667967115423 9201 9067 9162 9171 1667967115450 2
9227 9096 9183 9201 1667967115588 9227 9096 9184 9201 1667967115592 2
9256 9116 9204 9221 1667967115689 9257 9117 9207 9226 1667967115695 2
9268 9138 9225 9244 1667967115754 9268 9138 9226 9244 1667967115761 2
9289 9158 9245 9262 1667967115860 9289 9161 9248 9262 1667967115863 2
9309 9178 9265 9281 1667967115942 9309 9181 9268 9281 1667967115961 2
9331 9197 9286 9313 1667967116053 9331 9197 9287 9313 1667967116058 2
9348 9217 9304 9330 1667967116127 9348 9217 9305 9330 1667967116129 2
9367 9235 9323 9341 1667967116207 9367 9235 9324 9341 1667967116212 2
9385 9256 9343 9362 1667967116313 9385 9256 9344 9362 1667967116313 2
9407 9275 9363 9381 1667967116404 9407 9275 9364 9381 1667967116411 2
9414 9280 9377 9396 1667967116440 9414 9285 9380 9396 1667967116465 2
9444 9314 9401 9418 1667967116550 9445 9315 9404 9423 1667967116555 2
9466 9325 9422 9441 1667967116624 9466 9325 9423 9441 1667967116627 2
9473 9345 9439 9458 1667967116709 9473 9345 9440 9458 1667967116712 2
9494 9364 9459 9476 1667967116811 9494 9365 9462 9481 1667967116840 2
9529 9397 9485 9504 1667967116988 9529 9397 9486 9504 1667967116995 2
9547 9416 9503 9521 1667967117107 9551 9416 9508 9527 1667967117123 2
9567 9436 9523 9542 1667967117237 9567 9436 9524 9542 1667967117246 2
9576 9456 9542 9561 1667967117374 9576 9456 9543 9561 1667967117388 2
9596 9476 9562 9581 1667967117487 9596 9476 9563 9581 1667967117496 2
9616 9496 9582 9601 1667967117555 9616 9496 9583 9601 1667967117566 2
9636 9516 9602 9621 1667967117623 9636 9516 9603 9621 1667967117635 2
9669 9536 9625 9644 1667967117727 9672 9536 9628 9644 1667967117733 2
9689 9558 9645 9662 1667967117843 9689 9558 9646 9662 1667967117843 2
9709 9577 9665 9684 1667967117945 9709 9577 9666 9684 1667967117959 2
9729 9597 9685 9704 1667967118060 9729 9597 9686 9704 1667967118066 2
9747 9616 9703 9721 1667967118151 9751 9616 9708 9727 1667967118196 2
9768 9633 9723 9742 1667967118339 9768 9633 9724 9742 1667967118343 2
9787 9658 9745 9764 1667967118454 9787 9658 9746 9764 1667967118454 2
9807 9676 9763 9781 1667967118584 9807 9676 9764 9781 1667967118592 2
9827 9699 9785 9804 1667967118685 9827 9699 9788 9807 1667967118731 2
9863 9732 9811 9827 1667967118816 9863 9735 9814 9827 1667967118845 2
9883 9752 9831 9847 1667967118979 9883 9752 9832 9847 1667967118989 2
9903 9772 9851 9867 1667967119101 9903 9772 9852 9867 1667967119109 2
9923 9792 9871 9887 1667967119256 9923 9792 9872 9887 1667967119262 2
9942 9812 9891 9910 1667967119333 9942 9812 9892 9910 1667967119338 2
9960 9819 9908 9925 1667967119409 9960 9819 9909 9925 1667967119421 2
9981 9839 9928 9947 1667967119593 9981 9839 9929 9947 1667967119597 2
10001 9859 9948 9967 1667967119692 10001 9859 9949 9967 1667967119692 2
10021 9879 9968 9987 1667967119800 10021 9879 9969 9987 1667967119815 2
10037 9898 9984 10003 1667967119862 10037 9898 9985 10003 1667967119862 2
10045 9914 10001 10020 1667967119890 10048 9914 10004 10020 1667967119898 2
10063 9924 10019 10028 1667967119924 10063 9924 10020 10028 1667967119951 2
10070 9939 10034 10044 1667967120015 10070 9942 10037 10044 1667967120029 2
10101 9962 10057 10067 1667967120137 10101 9962 10058 10067 1667967120137 2
10127 9985 10082 10101 1667967120246 10127 9985 10083 10101 1667967120250 2
10144 10005 10100 10119 1667967120378 10144 10005 10101 10119 1667967120378 2
10164 10025 10120 10136 1667967120511 10164 10025 10121 10136 1667967120514 2
10173 10042 10137 10156 1667967120609 10173 10042 10138 10156 1667967120616 2
10193 10051 10156 10175 1667967120702 10193 10051 10157 10175 1667967120710 2
10237 10089 10185 10204 1667967120901 10237 10089 10186 10204 1667967120917 2
10241 10106 10200 10219 1667967120990 10241 10106 10201 10219 1667967120998 2
10261 10120 10217 10228 1667967121022 10261 10120 10218 10228 1667967121028 2
10267 10137 10232 10242 1667967121050 10267 10138 10235 10246 1667967121068 2
10296 10175 10262 10281 1667967121201 10296 10178 10265 10281 1667967121217 2
10316 10195 10282 10301 1667967121340 10316 10195 10283 10301 1667967121353 2
10345 10213 10301 10318 1667967121498 10350 10221 10308 10323 1667967121523 2
10369 10238 10325 10341 1667967121646 10369 10238 10326 10341 1667967121653 2
10389 10258 10345 10361 1667967121774 10389 10261 10348 10361 1667967121802 2
10409 10278 10365 10381 1667967121921 10409 10281 10368 10381 1667967121934 2
10429 10298 10385 10401 1667967122067 10429 10298 10386 10401 1667967122076 2
10465 10322 10412 10447 1667967122191 10465 10328 10417 10450 1667967122220 2
10485 10343 10432 10467 1667967122267 10485 10343 10435 10470 1667967122297 2
10504 10367 10454 10489 1667967122425 10504 10370 10457 10489 1667967122438 2
10524 10387 10474 10509 1667967122535 10524 10387 10475 10509 1667967122545 2
10544 10405 10492 10526 1667967122652 10544 10406 10495 10530 1667967122667 2
10564 10427 10514 10549 1667967122781 10564 10427 10515 10549 1667967122783 2
10584 10434 10531 10566 1667967122895 10584 10434 10534 10569 1667967122911 2
10604 10454 10551 10586 1667967123035 10604 10454 10552 10586 1667967123043 2
10624 10474 10571 10606 1667967123142 10624 10474 10574 10609 1667967123162 2
10644 10494 10591 10626 1667967123287 10644 10494 10592 10626 1667967123301 2
10674 10517 10614 10649 1667967123376 10674 10517 10615 10649 1667967123385 2
10681 10534 10629 10664 1667967123436 10681 10534 10630 10664 1667967123442 2
10701 10554 10649 10684 1667967123527 10701 10554 10650 10684 1667967123531 2
10721 10574 10669 10704 1667967123634 10721 10577 10672 10704 1667967123657 2
10737 10591 10686 10712 1667967123739 10741 10591 10689 10712 1667967123748 2
10760 10613 10708 10732 1667967123872 10760 10613 10709 10732 1667967123876 2
10780 10633 10728 10752 1667967124061 10780 10633 10729 10752 1667967124071 2
10812 10657 10752 10784 1667967124236 10812 10657 10753 10784 1667967124240 2
10833 10674 10772 10807 1667967124354 10833 10674 10775 10810 1667967124374 2
10852 10699 10794 10829 1667967124470 10852 10699 10795 10829 1667967124472 2
10867 10707 10809 10844 1667967124512 10874 10707 10814 10847 1667967124590 2
10887 10723 10827 10861 1667967124703 10887 10723 10828 10861 1667967124707 2
10912 10746 10851 10886 1667967124809 10912 10746 10852 10886 1667967124841 2
10930 10769 10871 10906 1667967124965 10930 10769 10872 10906 1667967124979 2
10949 10786 10889 10924 1667967125093 10949 10786 10890 10924 1667967125101 2
10963 10792 10903 10927 1667967125141 10964 10793 10906 10933 1667967125143 2
10973 10812 10922 10949 1667967125233 10973 10812 10923 10949 1667967125247 2
11005 10834 10945 10970 1667967125398 11008 10834 10948 10970 1667967125406 2
11023 10851 10963 10989 1667967125517 11023 10851 10964 10989 1667967125520 2
11032 10871 10982 11009 1667967125596 11032 10871 10983 11009 1667967125601 2
11050 10887 10998 11024 1667967125639 11050 10887 10999 11024 1667967125648 2
11059 10893 11014 11041 1667967125675 11059 10898 11017 11041 1667967125684 2
11089 10918 11037 11061 1667967125787 11089 10918 11038 11061 1667967125806 2
11099 10938 11056 11083 1667967125878 11099 10938 11059 11086 1667967125885 2
11129 10958 11077 11103 1667967126029 11129 10958 11080 11106 1667967126036 2
11151 10978 11099 11126 1667967126129 11151 10978 11100 11126 1667967126137 2
11171 10998 11119 11146 1667967126240 11171 10998 11120 11146 1667967126248 2
11191 11018 11139 11166 1667967126341 11191 11018 11140 11166 1667967126355 2
11209 11038 11157 11181 1667967126453 11209 11038 11158 11181 1667967126457 2
11231 11059 11179 11206 1667967126582 11231 11059 11180 11206 1667967126597 2
11251 11078 11199 11226 1667967126745 11251 11078 11200 11226 1667967126764 2
11271 11100 11219 11244 1667967126862 11271 11100 11220 11244 1667967126862 2
11291 11120 11239 11263 1667967126976 11294 11120 11242 11263 1667967126986 2
11329 11158 11269 11312 1667967127229 11329 11158 11270 11312 1667967127231 2
11350 11181 11291 11334 1667967127336 11350 11181 11294 11337 1667967127342 2
11369 11201 11311 11354 1667967127459 11369 11201 11312 11354 1667967127464 2
11389 11218 11329 11372 1667967127538 11389 11218 11330 11372 1667967127543 2
11408 11237 11348 11380 1667967127597 11408 11237 11349 11380 1667967127599 2
11428 11257 11368 11401 1667967127647 11428 11257 11369 11401 1667967127653 2
11445 11264 11385 11420 1667967127771 11448 11264 11388 11420 1667967127775 2
11465 11284 11405 11440 1667967127940 11468 11284 11408 11440 1667967127967 2
11486 11315 11426 11457 1667967128056 11486 11315 11427 11457 1667967128058 2
11506 11338 11448 11483 1667967128168 11506 11338 11451 11486 1667967128182 2
11539 11358 11471 11506 1667967128326 11542 11358 11474 11506 1667967128341 2
11559 11379 11491 11526 1667967128442 11559 11379 11492 11526 1667967128465 2
11579 11398 11511 11546 1667967128623 11582 11398 11514 11546 1667967128646 2
11602 11431 11534 11566 1667967128782 11602 11431 11535 11566 1667967128782 2
11619 11449 11552 11586 1667967128872 11619 11449 11553 11586 1667967128880 2
11637 11458 11569 11601 1667967128920 11637 11458 11570 11601 1667967128926 2
11657 11478 11589 11623 1667967129000 11657 11478 11590 11623 1667967129008 2
11666 11498 11608 11643 1667967129087 11666 11498 11611 11646 1667967129095 2
11697 11515 11629 11664 1667967129193 11697 11515 11630 11664 1667967129193 2
11716 11538 11649 11683 1667967129312 11716 11538 11650 11683 1667967129320 2
11739 11560 11671 11703 1667967129440 11739 11563 11674 11703 1667967129456 2
11757 11578 11689 11720 1667967129555 11758 11582 11694 11729 1667967129595 2
11793 11614 11717 11749 1667967129755 11793 11614 11718 11749 1667967129784 2
11810 11621 11734 11769 1667967129861 11810 11621 11735 11769 1667967129875 2
11817 11640 11751 11784 1667967129959 11817 11640 11752 11784 1667967129969 2
11838 11661 11771 11806 1667967130144 11838 11661 11772 11806 1667967130153 2
11857 11681 11791 11826 1667967130235 11857 11681 11794 11829 1667967130264 2
11877 11701 11811 11846 1667967130315 11877 11701 11814 11849 1667967130322 2
11898 11721 11831 11866 1667967130398 11898 11721 11834 11869 1667967130414 2
11917 11738 11849 11884 1667967130516 11917 11738 11852 11887 1667967130549 2
11937 11758 11869 11903 1667967130648 11937 11758 11870 11903 1667967130655 2
11958 11780 11891 11926 1667967130766 11958 11780 11892 11926 1667967130783 2
11977 11800 11911 11946 1667967130888 11977 11800 11912 11946 1667967130895 2
11997 11820 11931 11966 1667967131027 11997 11823 11934 11966 1667967131073 2
12018 11840 11951 11986 1667967131157 12018 11840 11952 11986 1667967131157 2
12049 11865 11975 12018 1667967131250 12049 11865 11978 12021 1667967131255 2
12063 11882 11994 12037 1667967131314 12063 11882 11995 12037 1667967131314 2
12078 11902 12012 12055 1667967131357 12078 11902 12013 12055 1667967131360 2
12099 11919 12031 12066 1667967131435 12102 11919 12034 12066 1667967131447 2
12119 11949 12052 12086 1667967131593 12119 11949 12053 12086 1667967131609 2
12140 11968 12072 12106 1667967131732 12143 11968 12075 12106 1667967131750 2
12162 11991 12094 12126 1667967131863 12162 11994 12097 12126 1667967131879 2
12182 12011 12114 12146 1667967131987 12182 12011 12115 12146 1667967132001 2
12199 12020 12131 12164 1667967132068 12199 12020 12132 12164 1667967132068 2
12204 12033 12144 12178 1667967132159 12209 12036 12149 12178 1667967132169 2
12229 12055 12168 12203 1667967132307 12229 12055 12169 12203 1667967132315 2
12247 12078 12188 12223 1667967132418 12247 12078 12189 12223 1667967132420 2
12266 12095 12206 12241 1667967132483 12266 12095 12207 12241 1667967132489 2
12281 12112 12223 12250 1667967132509 12288 12115 12228 12250 1667967132524 2
12303 12131 12243 12269 1667967132580 12303 12131 12244 12269 1667967132582 2
12323 12151 12263 12289 1667967132686 12323 12155 12266 12289 1667967132700 2
12344 12176 12286 12321 1667967132857 12344 12176 12287 12321 1667967132860 2
12367 12198 12308 12343 1667967132955 12367 12198 12311 12346 1667967132979 2
12387 12218 12328 12363 1667967133095 12387 12218 12331 12366 1667967133102 2
12409 12236 12348 12383 1667967133195 12409 12236 12351 12386 1667967133203 2
12426 12255 12366 12401 1667967133324 12426 12255 12369 12404 1667967133348 2
12448 12275 12388 12423 1667967133488 12451 12275 12391 12423 1667967133510 2
12470 12301 12411 12454 1667967133652 12470 12301 12412 12454 1667967133655 2
12490 12321 12431 12474 1667967133714 12490 12321 12432 12474 1667967133717 2
12506 12336 12447 12490 1667967133827 12510 12336 12450 12490 1667967133846 2
12543 12364 12475 12525 1667967133918 12543 12364 12476 12525 1667967133921 2
12563 12384 12495 12546 1667967134031 12567 12384 12500 12551 1667967134050 2
12586 12404 12517 12568 1667967134177 12586 12404 12518 12568 1667967134177 2
12606 12424 12537 12588 1667967134283 12606 12424 12538 12588 1667967134287 2
12626 12445 12557 12608 1667967134390 12626 12445 12558 12608 1667967134395 2
12646 12464 12577 12628 1667967134496 12646 12464 12580 12631 1667967134530 2
12666 12484 12597 12648 1667967134718 12666 12484 12598 12648 1667967134718 2
12686 12504 12617 12668 1667967134791 12686 12504 12618 12668 1667967134815 2
12706 12537 12640 12691 1667967134887 12706 12540 12643 12691 1667967134891 2
12741 12558 12664 12723 1667967135054 12741 12566 12669 12726 1667967135084 2
12760 12581 12684 12740 1667967135186 12760 12584 12687 12740 1667967135197 2
12780 12604 12706 12765 1667967135307 12780 12604 12707 12765 1667967135310 2
12798 12620 12723 12774 1667967135398 12798 12620 12724 12774 1667967135404 2
12817 12640 12743 12794 1667967135501 12817 12643 12746 12794 1667967135508 2
12837 12660 12763 12814 1667967135636 12837 12663 12766 12814 1667967135647 2
12859 12680 12783 12832 1667967135762 12859 12680 12784 12832 1667967135769 2
12879 12700 12803 12851 1667967135910 12879 12700 12804 12851 1667967135917 2
12900 12724 12826 12885 1667967135987 12900 12724 12827 12885 1667967135994 2
12926 12738 12842 12891 1667967136025 12926 12738 12843 12891 1667967136027 2
12950 12763 12866 12914 1667967136072 12950 12763 12867 12914 1667967136072 2
12972 12787 12889 12948 1667967136131 12972 12787 12890 12948 1667967136137 2
13007 12820 12915 12971 1667967136282 13007 12820 12916 12971 1667967136283 2
13029 12843 12938 13003 1667967136470 13029 12843 12939 13003 1667967136495 2
13046 12860 12955 13014 1667967136566 13046 12860 12956 13014 1667967136570 2
13065 12867 12972 13031 1667967136653 13065 12867 12975 13034 1667967136663 2
13085 12887 12992 13051 1667967136799 13085 12887 12993 13051 1667967136817 2
13100 12908 13010 13069 1667967136915 13105 12908 13013 13069 1667967136946 2
13125 12927 13032 13091 1667967137060 13125 12927 13033 13091 1667967137065 2
13158 12963 13058 13114 1667967137172 13158 12963 13059 13114 1667967137172 2
13176 12980 13076 13134 1667967137220 13176 12980 13077 13134 1667967137220 2
13180 12985 13088 13147 1667967137265 13180 12990 13093 13150 1667967137281 2
13191 13006 13109 13168 1667967137366 13191 13009 13112 13168 1667967137378 2
13211 13026 13129 13188 1667967137519 13211 13026 13130 13188 1667967137519 2
13231 13046 13149 13208 1667967137751 13231 13049 13152 13208 1667967137760 2
13251 13066 13169 13228 1667967137859 13251 13069 13172 13228 1667967137866 2
13271 13086 13189 13248 1667967137981 13271 13089 13192 13248 1667967138015 2
13291 13106 13209 13268 1667967138134 13291 13109 13212 13268 1667967138148 2
13311 13126 13229 13288 1667967138262 13311 13129 13232 13288 1667967138264 2
13328 13144 13247 13306 1667967138341 13334 13144 13250 13306 1667967138357 2
13348 13153 13264 13320 1667967138399 13348 13153 13265 13320 1667967138402 2
13355 13169 13280 13331 1667967138433 13355 13169 13281 13331 1667967138433 2
13387 13192 13303 13352 1667967138532 13387 13195 13306 13352 1667967138565 2
13406 13212 13323 13374 1667967138676 13406 13212 13324 13374 1667967138680 2
13425 13232 13343 13394 1667967138816 13425 13232 13344 13394 1667967138818 2
13445 13250 13361 13411 1667967138905 13445 13254 13366 13417 1667967138961 2
13465 13273 13383 13434 1667967139070 13465 13273 13384 13434 1667967139079 2
13488 13291 13403 13454 1667967139226 13488 13291 13406 13457 1667967139250 2
13508 13321 13424 13474 1667967139387 13508 13321 13425 13474 1667967139402 2
13528 13330 13443 13494 1667967139457 13528 13330 13444 13494 1667967139457 2
13544 13348 13460 13503 1667967139492 13547 13348 13463 13503 1667967139505 2
13562 13367 13478 13520 1667967139555 13562 13367 13479 13520 1667967139558 2
13588 13403 13506 13557 1667967139710 13588 13403 13507 13557 1667967139715 2
13608 13423 13526 13577 1667967139834 13608 13423 13527 13577 1667967139840 2
13628 13443 13546 13597 1667967139959 13628 13443 13547 13597 1667967139961 2
13650 13463 13566 13615 1667967140115 13650 13466 13569 13615 1667967140120 2
13671 13487 13589 13648 1667967140257 13671 13487 13592 13651 1667967140278 2
13691 13507 13609 13668 1667967140377 13691 13507 13610 13668 1667967140382 2
13711 13527 13629 13688 1667967140504 13711 13527 13630 13688 1667967140510 2
13731 13544 13647 13706 1667967140621 13731 13547 13650 13706 1667967140640 2
13765 13580 13675 13734 1667967140758 13765 13580 13676 13734 1667967140758 2
13795 13590 13695 13754 1667967140888 13795 13590 13696 13754 1667967140896 2
13813 13610 13713 13771 1667967141023 13816 13610 13716 13771 1667967141051 2
13832 13629 13732 13780 1667967141128 13832 13629 13733 13780 1667967141133 2
13856 13661 13756 13814 1667967141318 13856 13661 13757 13814 1667967141321 2
13875 13680 13775 13823 1667967141430 13875 13680 13776 13823 1667967141448 2
13897 13704 13798 13857 1667967141584 13897 13704 13799 13857 1667967141584 2
13916 13724 13818 13877 1667967141685 13916 13724 13819 13877 1667967141693 2
13939 13742 13838 13897 1667967141775 13939 13742 13839 13897 1667967141779 2
13955 13760 13855 13903 1667967141842 13955 13760 13856 13903 1667967141845 2
13959 13773 13868 13918 1667967141873 13959 13777 13873 13924 1667967141885 2
13984 13795 13892 13943 1667967142027 13987 13795 13895 13943 1667967142030 2
14004 13815 13912 13963 1667967142123 14004 13815 13913 13963 1667967142157 2
14022 13835 13930 13978 1667967142260 14022 13835 13931 13978 1667967142262 2
14048 13867 13955 14006 1667967142373 14048 13867 13956 14006 1667967142376 2
14068 13887 13975 14026 1667967142426 14068 13887 13976 14026 1667967142433 2
14086 13909 13995 14046 1667967142536 14086 13909 13996 14046 1667967142545 2
14105 13926 14013 14064 1667967142641 14105 13929 14016 14064 1667967142655 2
14125 13946 14033 14084 1667967142759 14125 13946 14034 14084 1667967142765 2
14145 13969 14055 14106 1667967142854 14145 13969 14056 14106 1667967142884 2
14162 13987 14073 14124 1667967142972 14162 13987 14074 14124 1667967142978 2
14175 14001 14090 14141 1667967143026 14175 14001 14091 14141 1667967143040 2
14189 14020 14107 14150 1667967143090 14194 14020 14110 14150 1667967143102 2
14234 14060 14141 14200 1667967143304 14234 14060 14144 14203 1667967143322 2
14249 14077 14157 14216 1667967143424 14249 14082 14162 14221 1667967143450 2
14273 14100 14181 14240 1667967143554 14273 14100 14182 14240 1667967143571 2
14293 14120 14201 14260 1667967143706 14293 14120 14202 14260 1667967143708 2
14311 14140 14219 14277 1667967143764 14311 14140 14220 14277 1667967143764 2
14332 14163 14241 14300 1667967143841 14332 14163 14244 14303 1667967143857 2
14351 14183 14261 14320 1667967143904 14351 14183 14262 14320 1667967143920 2
14372 14202 14281 14338 1667967143971 14372 14202 14282 14338 1667967143977 2
14402 14223 14302 14358 1667967144054 14402 14223 14303 14358 1667967144054 2
14411 14243 14321 14380 1667967144097 14411 14243 14322 14380 1667967144097 2
14434 14261 14341 14400 1667967144202 14434 14261 14344 14403 1667967144239 2
14454 14293 14364 14423 1667967144411 14454 14293 14365 14423 1667967144421 2
14474 14313 14384 14443 1667967144511 14474 14316 14387 14443 1667967144523 2
14495 14333 14404 14463 1667967144668 14495 14333 14405 14463 1667967144677 2
14514 14340 14421 14480 1667967144771 14514 14340 14422 14480 1667967144775 2
14529 14361 14439 14498 1667967144871 14529 14361 14440 14498 1667967144886 2
14549 14381 14459 14518 1667967144979 14555 14381 14464 14523 1667967145003 2
14571 14400 14479 14538 1667967145109 14571 14400 14482 14541 1667967145134 2
14589 14417 14497 14555 1667967145185 14593 14417 14502 14561 1667967145206 2
14609 14438 14517 14575 1667967145237 14616 14442 14524 14581 1667967145256 2
14635 14473 14544 14603 1667967145309 14635 14473 14545 14603 1667967145313 2
14651 14489 14560 14618 1667967145400 14655 14489 14563 14618 1667967145403 2
14667 14496 14574 14625 1667967145429 14667 14496 14575 14625 1667967145429 2
14670 14499 14585 14628 1667967145438 14672 14503 14590 14628 1667967145455 2
14688 14517 14604 14636 1667967145510 14688 14517 14605 14636 1667967145517 2
14706 14523 14621 14656 1667967145541 14706 14530 14626 14661 1667967145565 2
14722 14544 14639 14674 1667967145635 14730 14548 14646 14679 1667967145672 2
14745 14566 14661 14695 1667967145764 14745 14566 14662 14695 1667967145766 2
14767 14586 14683 14718 1667967145879 14767 14586 14684 14718 1667967145891 2
14787 14606 14703 14738 1667967146023 14790 14606 14706 14738 1667967146036 2
14810 14639 14726 14758 1667967146241 14810 14642 14729 14758 1667967146245 2
14827 14657 14744 14778 1667967146425 14827 14657 14745 14778 1667967146440 2
14832 14661 14756 14791 1667967146466 14835 14661 14759 14791 1667967146486 2
14867 14696 14783 14807 1667967146567 14867 14696 14784 14807 1667967146570 2
14887 14716 14803 14827 1667967146679 14887 14716 14804 14827 1667967146694 2
14904 14723 14820 14847 1667967146824 14907 14723 14823 14847 1667967146830 2
14924 14743 14840 14867 1667967146969 14927 14743 14843 14867 1667967146978 2
14947 14776 14863 14887 1667967147163 14947 14779 14866 14887 1667967147197 2
14967 14796 14883 14907 1667967147324 14967 14799 14886 14907 1667967147333 2
14987 14816 14903 14927 1667967147445 14987 14816 14904 14927 1667967147464 2
15000 14820 14916 14942 1667967147526 15000 14820 14917 14942 1667967147528 2
15042 14861 14949 14984 1667967147670 15042 14861 14950 14984 1667967147670 2
15062 14880 14969 15004 1667967147823 15062 14880 14970 15004 1667967147836 2
15077 14901 14987 15022 1667967147929 15077 14901 14988 15022 1667967147929 2
15102 14920 15009 15044 1667967148050 15102 14920 15010 15044 1667967148056 2
15122 14951 15030 15064 1667967148186 15122 14951 15031 15064 1667967148187 2
15142 14973 15052 15087 1667967148296 15142 14973 15053 15087 1667967148306 2
15171 14992 15071 15105 1667967148381 15172 14992 15074 15109 1667967148387 2
15192 15003 15092 15127 1667967148475 15195 15003 15095 15127 1667967148479 2
15212 15023 15112 15147 1667967148580 15212 15023 15113 15147 1667967148583 2
15232 15043 15132 15167 1667967148686 15235 15043 15135 15167 1667967148724 2
15252 15063 15152 15187 1667967148816 15255 15063 15155 15187 1667967148830 2
15272 15084 15172 15207 1667967148933 15272 15084 15173 15207 1667967148935 2
15292 15103 15192 15227 1667967149079 15295 15103 15195 15227 1667967149132 2
15312 15123 15212 15247 1667967149268 15315 15123 15215 15247 1667967149290 2
15332 15143 15232 15267 1667967149435 15332 15143 15233 15267 1667967149435 2
15352 15163 15252 15287 1667967149538 15355 15163 15255 15287 1667967149554 2
15389 15201 15281 15324 1667967149758 15389 15201 15282 15324 1667967149762 2
15409 15220 15301 15344 1667967149840 15409 15220 15302 15344 1667967149863 2
15427 15240 15319 15361 1667967149975 15427 15240 15320 15361 1667967149978 2
15450 15260 15341 15384 1667967150096 15450 15260 15342 15384 1667967150099 2
15470 15293 15364 15407 1667967150259 15470 15293 15365 15407 1667967150259 2
15490 15300 15381 15424 1667967150337 15490 15300 15382 15424 1667967150340 2
15510 15333 15404 15447 1667967150493 15510 15333 15405 15447 1667967150499 2
15530 15353 15424 15467 1667967150631 15530 15356 15427 15467 1667967150648 2
15550 15371 15442 15484 1667967150759 15550 15374 15445 15484 1667967150767 2
15583 15394 15467 15510 1667967150907 15586 15394 15470 15510 1667967150912 2
15601 15414 15485 15527 1667967150982 15605 15414 15490 15533 1667967151001 2
15624 15434 15507 15550 1667967151160 15624 15434 15510 15553 1667967151168 2
15639 15451 15523 15566 1667967151264 15639 15451 15524 15566 1667967151267 2
15663 15476 15547 15587 1667967151400 15663 15479 15550 15587 1667967151416 2
15683 15496 15567 15607 1667967151579 15683 15496 15568 15607 1667967151582 2
15700 15503 15584 15627 1667967151681 15700 15503 15585 15627 1667967151703 2
15707 15523 15601 15644 1667967151802 15707 15523 15602 15644 1667967151809 2
15727 15543 15621 15664 1667967151916 15727 15543 15622 15664 1667967151918 2
15748 15563 15641 15684 1667967152042 15748 15563 15642 15684 1667967152042 2
15764 15578 15657 15700 1667967152101 15764 15578 15660 15703 1667967152106 2
15782 15587 15674 15716 1667967152129 15782 15587 15675 15716 1667967152134 2
15794 15609 15695 15738 1667967152207 15794 15609 15696 15738 1667967152209 2
15810 15627 15713 15756 1667967152344 15810 15627 15714 15756 1667967152352 2
15836 15647 15735 15778 1667967152469 15836 15647 15736 15778 1667967152482 2
15856 15666 15755 15798 1667967152575 15856 15666 15756 15798 1667967152577 2
15870 15681 15770 15805 1667967152599 15870 15681 15771 15805 1667967152601 2
15890 15703 15790 15821 1667967152669 15890 15703 15791 15821 1667967152684 2
15910 15723 15810 15842 1667967152774 15911 15724 15813 15848 1667967152779 2
15947 15749 15838 15881 1667967152963 15947 15749 15839 15881 1667967152963 2
15965 15772 15858 15901 1667967153052 15965 15772 15859 15901 1667967153054 2
15984 15792 15878 15921 1667967153152 15984 15792 15879 15921 1667967153156 2
16004 15812 15898 15941 1667967153255 16004 15812 15899 15941 1667967153270 2
16041 15849 15927 15978 1667967153384 16041 15849 15928 15978 1667967153389 2
16061 15869 15947 15998 1667967153516 16061 15869 15950 16001 1667967153525 2
16081 15889 15967 16018 1667967153653 16081 15889 15968 16018 1667967153653 2
16100 15905 15984 16024 1667967153749 16100 15908 15987 16024 1667967153763 2
16120 15925 16004 16044 1667967153885 16120 15925 16005 16044 1667967153894 2
16136 15943 16022 16065 1667967154013 16136 15943 16023 16065 1667967154021 2
16160 15965 16044 16084 1667967154141 16160 15965 16045 16084 1667967154144 2
16167 15980 16059 16101 1667967154227 16167 15985 16064 16105 1667967154252 2
16187 16000 16079 16121 1667967154341 16187 16000 16080 16121 1667967154346 2
16204 16020 16099 16142 1667967154418 16204 16020 16100 16142 1667967154418 2
16227 16040 16119 16158 1667967154473 16228 16044 16124 16167 1667967154488 2
16258 16063 16142 16184 1667967154639 16263 16063 16147 16188 1667967154676 2
16278 16083 16162 16204 1667967154773 16279 16083 16165 16208 1667967154802 2
16300 16103 16184 16227 1667967154943 16300 16103 16185 16227 1667967154945 2
16307 16123 16201 16244 1667967155034 16307 16123 16202 16244 1667967155034 2
16330 16141 16221 16264 1667967155136 16330 16141 16224 16267 1667967155201 2
16350 16160 16241 16284 1667967155318 16350 16160 16244 16287 1667967155371 2
16368 16181 16261 16304 1667967155502 16368 16181 16262 16304 1667967155508 2
16385 16198 16277 16320 1667967155556 16385 16198 16278 16320 1667967155567 2
16403 16216 16294 16329 1667967155588 16407 16216 16299 16332 1667967155649 2
16426 16239 16318 16350 1667967155744 16426 16239 16319 16350 1667967155746 2
16446 16259 16338 16370 1667967155916 16446 16262 16341 16370 1667967155941 2
16466 16279 16358 16391 1667967156059 16466 16279 16359 16391 1667967156061 2
16483 16286 16375 16410 1667967156140 16483 16286 16376 16410 1667967156149 2
16503 16306 16395 16430 1667967156237 16506 16306 16398 16430 1667967156252 2
16523 16326 16415 16450 1667967156399 16523 16326 16416 16450 1667967156413 2
16543 16346 16435 16470 1667967156534 16543 16346 16436 16470 1667967156534 2
16566 16379 16458 16491 1667967156656 16569 16379 16461 16491 1667967156671 2
16586 16399 16478 16510 1667967156770 16586 16399 16479 16510 1667967156774 2
16606 16419 16498 16530 1667967156922 16609 16419 16501 16530 1667967156935 2
16626 16439 16518 16550 1667967157055 16629 16439 16521 16550 1667967157062 2
16646 16459 16538 16570 1667967157168 16646 16459 16539 16570 1667967157171 2
16653 16476 16555 16590 1667967157277 16653 16476 16556 16590 1667967157301 2
16673 16496 16575 16610 1667967157443 16673 16496 16576 16610 1667967157443 2
16693 16516 16595 16630 1667967157589 16693 16516 16596 16630 1667967157598 2
16713 16536 16615 16650 1667967157716 16713 16536 16616 16650 1667967157720 2
16733 16554 16633 16667 1667967157815 16733 16554 16634 16667 1667967157822 2
16747 16569 16648 16673 1667967157848 16747 16569 16649 16673 1667967157852 2
16757 16586 16665 16691 1667967157887 16762 16593 16672 16695 1667967157922 2
16778 16608 16687 16713 1667967157990 16778 16608 16688 16713 1667967157990 2
16801 16629 16709 16736 1667967158115 16801 16629 16710 16736 1667967158118 2
16809 16643 16724 16751 1667967158205 16809 16643 16725 16751 1667967158210 2
16828 16668 16746 16773 1667967158325 16828 16668 16749 16776 1667967158337 2
16848 16685 16764 16791 1667967158473 16848 16685 16765 16791 1667967158473 2
16868 16705 16784 16811 1667967158588 16868 16705 16785 16811 1667967158598 2
16905 16731 16812 16847 1667967158740 16905 16731 16815 16850 1667967158744 2
16922 16751 16830 16865 1667967158847 16922 16751 16831 16865 1667967158854 2
16945 16771 16852 16887 1667967158956 16945 16771 16853 16887 1667967158958 2
16965 16791 16872 16907 1667967159024 16965 16791 16873 16907 1667967159030 2
16977 16805 16885 16910 1667967159069 16977 16809 16888 16910 1667967159090 2
16998 16827 16906 16922 1667967159207 16998 16827 16907 16922 1667967159241 2
17016 16844 16924 16942 1667967159356 17016 16844 16925 16942 1667967159362 2
17038 16867 16946 16963 1667967159497 17038 16870 16949 16963 1667967159503 2
17057 16887 16966 16985 1667967159623 17057 16887 16967 16985 1667967159628 2
17076 16894 16983 17002 1667967159697 17076 16894 16984 17002 1667967159707 2
17096 16925 17004 17020 1667967159833 17097 16926 17007 17026 1667967159853 2
17116 16947 17026 17045 1667967159987 17116 16950 17029 17045 1667967160020 2
17133 16965 17044 17063 1667967160125 17139 16965 17047 17063 1667967160130 2
17157 16974 17064 17091 1667967160203 17157 16974 17067 17094 1667967160210 2
17176 16997 17084 17110 1667967160267 17176 16997 17085 17110 1667967160286 2
17191 17014 17101 17120 1667967160312 17191 17014 17102 17120 1667967160316 2
17218 17037 17126 17153 1667967160447 17221 17037 17129 17153 1667967160477 2
17238 17057 17146 17173 1667967160609 17241 17057 17149 17173 1667967160631 2
17258 17077 17166 17193 1667967160737 17261 17077 17169 17193 1667967160789 2
17278 17097 17186 17213 1667967160887 17278 17097 17187 17213 1667967160892 2
17296 17117 17204 17228 1667967160986 17296 17117 17205 17228 1667967160986 2
17317 17140 17226 17253 1667967161089 17317 17140 17227 17253 1667967161093 2
17335 17154 17243 17259 1667967161210 17335 17159 17246 17259 1667967161240 2
17354 17176 17263 17282 1667967161403 17354 17176 17264 17282 1667967161404 2
17373 17183 17280 17299 1667967161450 17373 17183 17281 17299 1667967161454 2
17393 17203 17300 17319 1667967161561 17393 17203 17303 17322 1667967161609 2
17413 17223 17320 17339 1667967161700 17413 17223 17321 17339 1667967161704 2
17433 17243 17340 17359 1667967161783 17433 17243 17341 17359 1667967161791 2
17453 17264 17360 17379 1667967161834 17453 17264 17363 17382 1667967161857 2
17473 17283 17380 17399 1667967161965 17473 17283 17383 17402 1667967161985 2
17488 17304 17398 17417 1667967162096 17488 17304 17401 17420 1667967162113 2
17512 17323 17420 17439 1667967162205 17515 17323 17423 17439 1667967162237 2
17532 17343 17440 17459 1667967162335 17532 17343 17441 17459 1667967162340 2
17550 17363 17458 17474 1667967162434 17550 17363 17459 17474 1667967162443 2
17570 17392 17479 17497 1667967162553 17570 17392 17480 17497 1667967162562 2
17593 17403 17500 17519 1667967162614 17593 17403 17503 17522 1667967162670 2
17610 17423 17518 17537 1667967162784 17610 17423 17519 17537 1667967162784 2
17620 17438 17535 17554 1667967162853 17620 17438 17538 17557 1667967162858 2
17636 17449 17552 17571 1667967162955 17636 17449 17553 17571 1667967162960 2
17658 17470 17574 17593 1667967163056 17661 17470 17577 17593 1667967163066 2
17676 17489 17592 17608 1667967163186 17680 17490 17597 17616 1667967163212 2
17712 17524 17620 17639 1667967163363 17712 17524 17621 17639 1667967163372 2
17730 17543 17638 17656 1667967163474 17730 17543 17639 17656 1667967163480 2
17752 17563 17660 17679 1667967163639 17752 17563 17661 17679 1667967163656 2
17772 17583 17680 17699 1667967163704 17775 17583 17683 17699 1667967163717 2
17790 17603 17698 17716 1667967163782 17795 17603 17703 17720 1667967163818 2
17812 17623 17720 17739 1667967163922 17812 17623 17721 17739 1667967163937 2
17832 17644 17740 17759 1667967164046 17832 17644 17741 17759 1667967164048 2
17848 17663 17758 17774 1667967164176 17849 17664 17761 17780 1667967164186 2
17872 17684 17780 17799 1667967164334 17875 17684 17783 17799 1667967164351 2
17892 17703 17800 17819 1667967164502 17892 17703 17801 17819 1667967164505 2
17910 17723 17818 17834 1667967164617 17910 17723 17819 17834 1667967164627 2
17933 17743 17840 17859 1667967164768 17933 17743 17843 17862 1667967164797 2
17961 17766 17861 17877 1667967164890 17964 17766 17864 17877 1667967164905 2
17980 17785 17880 17889 1667967165057 17983 17785 17883 17889 1667967165072 2
18001 17806 17901 17920 1667967165193 18004 17806 17904 17920 1667967165212 2
18018 17821 17918 17929 1667967165258 18021 17826 17923 17929 1667967165290 2
18040 17845 17940 17948 1667967165398 18040 17845 17941 17948 1667967165415 2
18058 17862 17958 17968 1667967165554 18058 17865 17961 17968 1667967165570 2
18080 17885 17980 17988 1667967165699 18080 17885 17981 17988 1667967165708 2
18096 17900 17996 18005 1667967165818 18096 17900 17997 18005 1667967165825 2
18121 17926 18021 18040 1667967165955 18124 17926 18024 18040 1667967166000 2
18141 17946 18041 18060 1667967166044 18141 17946 18044 18063 1667967166056 2
18163 17966 18063 18082 1667967166138 18163 17966 18064 18082 1667967166157 2
18183 17997 18084 18102 1667967166284 18183 17997 18085 18102 1667967166286 2
18205 18019 18106 18125 1667967166401 18205 18019 18107 18125 1667967166411 2
18222 18023 18121 18140 1667967166492 18222 18029 18126 18143 1667967166505 2
18242 18049 18143 18162 1667967166596 18242 18049 18146 18165 1667967166634 2
18274 18069 18166 18185 1667967166758 18277 18069 18169 18185 1667967166787 2
18292 18089 18184 18202 1667967166875 18295 18089 18187 18202 1667967166880 2
18315 18122 18209 18228 1667967167029 18315 18122 18210 18228 1667967167033 2
18335 18130 18226 18245 1667967167105 18335 18130 18229 18248 1667967167132 2
18352 18149 18244 18263 1667967167156 18352 18149 18245 18263 1667967167163 2
18371 18168 18263 18271 1667967167221 18371 18168 18264 18271 1667967167221 2
18387 18183 18279 18288 1667967167303 18388 18184 18282 18293 1667967167319 2
18411 18207 18303 18314 1667967167411 18414 18207 18306 18314 1667967167438 2
18429 18223 18321 18332 1667967167561 18429 18223 18322 18332 1667967167564 2
18449 18245 18341 18351 1667967167677 18454 18249 18346 18351 1667967167726 2
18471 18268 18363 18371 1667967167866 18471 18268 18364 18371 1667967167870 2
18491 18288 18383 18391 1667967167983 18491 18288 18384 18391 1667967167985 2
18498 18303 18398 18408 1667967168077 18498 18303 18399 18408 1667967168077 2
18531 18337 18424 18434 1667967168251 18531 18337 18425 18434 1667967168251 2
18547 18343 18439 18449 1667967168296 18548 18349 18444 18453 1667967168307 2
18571 18366 18463 18472 1667967168361 18574 18366 18466 18472 1667967168400 2
18587 18383 18479 18489 1667967168438 18587 18387 18482 18489 1667967168446 2
18597 18402 18497 18498 1667967168484 18597 18402 18498 18498 1667967168489 2
18617 18422 18517 18517 1667967168612 18617 18425 18520 18517 1667967168628 2
18637 18442 18537 18537 1667967168724 18637 18442 18538 18537 1667967168732 2
18654 18460 18555 18557 1667967168802 18654 18460 18556 18557 1667967168806 2
18670 18466 18570 18572 1667967168838 18671 18472 18575 18576 1667967168865 2
18694 18491 18594 18595 1667967168928 18694 18491 18595 18595 1667967168937 2
18698 18506 18609 18612 1667967168997 18698 18506 18610 18612 1667967169011 2
18723 18528 18631 18631 1667967169112 18723 18528 18632 18631 1667967169115 2
18741 18545 18649 18651 1667967169234 18744 18545 18652 18651 1667967169254 2
18762 18568 18671 18674 1667967169373 18762 18568 18672 18674 1667967169378 2
18781 18588 18691 18694 1667967169443 18781 18588 18692 18694 1667967169447 2
18799 18598 18708 18711 1667967169471 18799 18598 18709 18711 1667967169477 2
18829 18618 18729 18731 1667967169551 18829 18618 18730 18731 1667967169551 2
18838 18635 18746 18749 1667967169618 18838 18635 18749 18752 1667967169631 2
18858 18657 18768 18771 1667967169716 18858 18657 18769 18771 1667967169725 2
18876 18661 18783 18786 1667967169784 18876 18667 18786 18786 1667967169790 2
18895 18687 18805 18808 1667967169899 18895 18687 18806 18808 1667967169906 2
18915 18707 18825 18828 1667967170012 18915 18707 18826 18828 1667967170014 2
18930 18721 18840 18835 1667967170080 18930 18721 18841 18835 1667967170083 2
18954 18743 18862 18854 1667967170194 18954 18743 18863 18854 1667967170204 2
18974 18763 18882 18874 1667967170295 18974 18763 18883 18874 1667967170303 2
18994 18783 18902 18894 1667967170449 18997 18783 18905 18894 1667967170523 2
19010 18799 18918 18912 1667967170585 19010 18802 18921 18912 1667967170601 2
19021 18818 18937 18932 1667967170629 19021 18818 18938 18932 1667967170637 2
19039 18825 18954 18949 1667967170671 19039 18832 18959 18952 1667967170697 2
19058 18849 18976 18971 1667967170821 19058 18849 18977 18971 1667967170830 2
19079 18869 18996 18991 1667967170927 19079 18869 18997 18991 1667967170932 2
19098 18887 19014 19008 1667967171053 19098 18887 19015 19008 1667967171053 2
19131 18910 19039 19034 1667967171191 19134 18910 19042 19034 1667967171208 2
19151 18930 19059 19054 1667967171314 19151 18930 19060 19054 1667967171317 2
19169 18950 19077 19069 1667967171445 19172 18950 19080 19069 1667967171464 2
19192 18970 19099 19094 1667967171565 19192 18970 19100 19094 1667967171588 2
19212 19003 19122 19117 1667967171720 19212 19006 19125 19117 1667967171744 2
19232 19022 19141 19144 1667967171799 19232 19022 19142 19144 1667967171805 2
19249 19039 19158 19151 1667967171839 19250 19042 19163 19156 1667967171843 2
19274 19061 19182 19177 1667967171914 19277 19061 19185 19177 1667967171916 2
19294 19081 19202 19197 1667967172048 19297 19081 19205 19197 1667967172071 2
19314 19102 19222 19217 1667967172188 19314 19102 19223 19217 1667967172188 2
19334 19121 19242 19237 1667967172311 19334 19121 19243 19237 1667967172319 2
19357 19154 19265 19257 1667967172455 19357 19154 19266 19257 1667967172455 2
19377 19174 19285 19277 1667967172565 19377 19174 19286 19277 1667967172581 2
19394 19183 19302 19295 1667967172673 19397 19183 19305 19295 1667967172693 2
19414 19203 19322 19314 1667967172812 19417 19203 19325 19314 1667967172819 2
19434 19223 19342 19334 1667967172904 19437 19223 19345 19334 1667967172912 2
19458 19257 19368 19371 1667967173022 19458 19257 19369 19371 1667967173030 2
19478 19265 19385 19388 1667967173132 19478 19265 19388 19391 1667967173151 2
19498 19284 19405 19408 1667967173280 19498 19284 19406 19408 1667967173302 2
19516 19301 19423 19426 1667967173413 19516 19307 19426 19426 1667967173428 2
19534 19323 19442 19434 1667967173530 19534 19326 19445 19434 1667967173538 2
19553 19343 19462 19457 1667967173672 19553 19343 19463 19457 1667967173676 2
19572 19363 19482 19477 1667967173806 19572 19363 19483 19477 1667967173837 2
19605 19386 19505 19497 1667967173993 19605 19386 19506 19497 1667967173999 2
19612 19403 19522 19517 1667967174037 19612 19406 19525 19517 1667967174045 2
19660 19441 19552 19554 1667967174150 19660 19441 19553 19554 1667967174163 2
19682 19462 19574 19577 1667967174261 19682 19462 19575 19577 1667967174274 2
19702 19482 19594 19597 1667967174370 19705 19482 19597 19597 1667967174384 2
19722 19501 19614 19617 1667967174490 19725 19501 19617 19617 1667967174517 2
19742 19521 19634 19637 1667967174634 19742 19521 19635 19637 1667967174638 2
19760 19541 19652 19654 1667967174741 19760 19541 19653 19654 1667967174757 2
19769 19561 19671 19674 1667967174848 19769 19561 19672 19674 1667967174854 2
19789 19581 19691 19694 1667967174977 19789 19581 19692 19694 1667967174990 2
19803 19593 19704 19697 1667967175053 19809 19594 19709 19702 1667967175073 2
19823 19604 19723 19717 1667967175144 19823 19604 19724 19717 1667967175146 2
19842 19623 19742 19726 1667967175214 19842 19623 19743 19726 1667967175214 2
19846 19638 19757 19744 1667967175256 19846 19638 19758 19744 1667967175275 2
19855 19653 19772 19758 1667967175313 19855 19654 19775 19762 1667967175330 2
19862 19662 19788 19775 1667967175360 19862 19662 19791 19778 1667967175384 2
19870 19679 19805 19792 1667967175438 19870 19679 19806 19792 1667967175450 2
19877 19690 19817 19795 1667967175468 19877 19690 19818 19795 1667967175476 2
19883 19696 19831 19810 1667967175506 19883 19701 19836 19813 1667967175522 2
19891 19715 19850 19829 1667967175544 19891 19718 19853 19829 1667967175556 2
19902 19731 19865 19844 1667967175598 19902 19731 19866 19844 1667967175601 2
19909 19747 19882 19860 1667967175692 19909 19747 19883 19860 1667967175699 2
19918 19766 19901 19880 1667967175804 19918 19766 19902 19880 1667967175806 2
19928 19781 19916 19894 1667967175892 19928 19781 19917 19894 1667967175898 2
19934 19797 19932 19903 1667967175960 19934 19800 19935 19903 1667967175977 2
