19 5 18 13 1667967073241 19 5 18 14 1667967073249 3
26 25 35 30 1667967073312 26 25 35 31 1667967073317 3
59 45 58 53 1667967073424 59 45 58 54 1667967073433 3
85 72 100 79 1667967073519 85 72 100 80 1667967073524 3
106 105 123 102 1667967073631 106 108 123 105 1667967073651 3
137 123 144 123 1667967073704 137 123 144 124 1667967073706 3
154 134 160 140 1667967073724 157 134 160 143 1667967073733 3
171 152 166 157 1667967073783 174 152 166 160 1667967073792 3
190 171 190 177 1667967073864 190 171 190 178 1667967073871 3
194 186 196 191 1667967073889 194 186 196 192 1667967073891 3
206 203 210 208 1667967073919 206 206 216 213 1667967073935 3
225 225 235 230 1667967074083 225 225 235 231 1667967074086 3
245 242 241 247 1667967074142 245 242 241 248 1667967074168 3
261 258 260 263 1667967074220 261 261 260 266 1667967074226 3
278 274 268 280 1667967074249 278 274 268 281 1667967074256 3
317 313 307 311 1667967074387 317 313 311 314 1667967074414 3
340 344 340 335 1667967074502 344 344 340 338 1667967074505 3
359 354 350 353 1667967074526 359 354 350 354 1667967074530 3
366 368 365 368 1667967074549 366 374 365 371 1667967074568 3
385 390 385 388 1667967074622 385 390 385 389 1667967074628 3
405 410 393 407 1667967074704 405 410 393 408 1667967074706 3
422 428 413 425 1667967074806 422 431 413 428 1667967074824 3
445 450 433 447 1667967074913 445 450 433 448 1667967074917 3
466 467 465 468 1667967075015 466 467 465 469 1667967075015 3
500 504 490 494 1667967075079 500 504 494 497 1667967075112 3
520 524 510 514 1667967075192 520 524 510 515 1667967075200 3
537 539 520 531 1667967075249 542 544 520 536 1667967075262 3
557 561 549 552 1667967075302 557 561 552 555 1667967075327 3
599 593 598 585 1667967075425 599 593 598 586 1667967075429 3
636 623 643 614 1667967075539 636 623 643 615 1667967075557 3
653 642 661 632 1667967075629 653 642 661 633 1667967075629 3
660 659 669 648 1667967075673 660 659 669 649 1667967075680 3
677 662 684 663 1667967075722 677 662 687 666 1667967075732 3
697 688 704 685 1667967075783 697 688 704 686 1667967075790 3
728 708 726 706 1667967075859 731 708 726 709 1667967075869 3
745 718 741 723 1667967075923 745 718 747 726 1667967075932 3
753 737 763 742 1667967076006 753 737 766 745 1667967076012 3
773 754 781 760 1667967076076 773 758 786 765 1667967076093 3
793 774 801 780 1667967076174 793 774 804 783 1667967076188 3
808 784 818 797 1667967076220 814 784 818 800 1667967076237 3
850 820 857 828 1667967076379 850 820 857 829 1667967076398 3
865 837 873 844 1667967076450 865 837 873 845 1667967076454 3
883 846 889 861 1667967076503 883 846 893 864 1667967076507 3
893 867 908 880 1667967076542 893 867 908 881 1667967076545 3
913 889 931 902 1667967076645 913 889 931 903 1667967076650 3
930 907 949 920 1667967076737 930 910 949 923 1667967076753 3
942 926 968 939 1667967076823 942 926 968 940 1667967076832 3
963 944 983 957 1667967076919 963 947 983 960 1667967076926 3
979 961 1004 975 1667967077005 979 961 1007 978 1667967077014 3
986 967 1018 989 1667967077042 986 967 1018 990 1667967077047 3
1009 1000 1034 1013 1667967077094 1009 1000 1034 1014 1667967077118 3
1028 1020 1054 1033 1667967077195 1028 1023 1054 1036 1667967077216 3
1045 1036 1069 1049 1667967077237 1052 1039 1077 1056 1667967077284 3
1069 1054 1092 1071 1667967077327 1069 1063 1095 1076 1667967077341 3
1088 1078 1111 1091 1667967077437 1088 1078 1115 1094 1667967077446 3
1108 1100 1134 1113 1667967077534 1108 1103 1134 1116 1667967077546 3
1125 1118 1152 1131 1667967077619 1125 1118 1152 1132 1667967077619 3
1149 1137 1171 1151 1667967077699 1149 1137 1171 1152 1667967077708 3
1174 1174 1208 1179 1667967077824 1174 1174 1208 1180 1667967077824 3
1192 1177 1223 1194 1667967077844 1192 1177 1223 1195 1667967077844 3
1206 1190 1240 1211 1667967077885 1212 1190 1245 1216 1667967077910 3
1257 1226 1280 1243 1667967078038 1257 1232 1280 1246 1667967078051 3
1262 1245 1294 1258 1667967078086 1262 1245 1294 1259 1667967078092 3
1282 1264 1305 1277 1667967078142 1282 1267 1305 1280 1667967078163 3
1336 1298 1367 1314 1667967078310 1339 1298 1367 1317 1667967078330 3
1356 1318 1387 1334 1667967078428 1356 1318 1387 1335 1667967078436 3
1363 1338 1404 1351 1667967078514 1363 1338 1407 1354 1667967078534 3
1382 1358 1424 1371 1667967078643 1382 1358 1427 1374 1667967078660 3
1399 1373 1440 1387 1667967078719 1399 1373 1440 1388 1667967078721 3
1404 1377 1443 1398 1667967078735 1404 1377 1443 1399 1667967078735 3
1414 1398 1464 1419 1667967078788 1414 1398 1464 1420 1667967078795 3
1431 1413 1470 1434 1667967078826 1435 1413 1470 1437 1667967078845 3
1454 1435 1490 1456 1667967078916 1454 1435 1490 1457 1667967078916 3
1474 1455 1510 1476 1667967079029 1474 1455 1510 1477 1667967079046 3
1494 1478 1544 1499 1667967079129 1494 1478 1544 1500 1667967079132 3
1511 1493 1560 1515 1667967079172 1511 1493 1563 1518 1667967079184 3
1530 1502 1576 1532 1667967079218 1530 1502 1576 1533 1667967079218 3
1548 1511 1587 1550 1667967079252 1548 1511 1587 1551 1667967079259 3
1554 1530 1604 1567 1667967079372 1554 1530 1604 1568 1667967079375 3
1572 1545 1607 1582 1667967079411 1572 1548 1607 1585 1667967079433 3
1614 1568 1637 1608 1667967079566 1617 1576 1637 1613 1667967079583 3
1645 1591 1660 1631 1667967079648 1648 1591 1660 1634 1667967079657 3
1678 1619 1694 1657 1667967079739 1682 1619 1699 1662 1667967079781 3
1701 1653 1719 1682 1667967079864 1701 1656 1719 1685 1667967079908 3
1721 1673 1739 1702 1667967079991 1721 1676 1739 1705 1667967080021 3
1742 1691 1754 1720 1667967080094 1742 1691 1760 1723 1667967080104 3
1762 1711 1774 1740 1667967080199 1762 1711 1780 1743 1667967080205 3
1781 1733 1799 1762 1667967080303 1781 1733 1799 1763 1667967080306 3
1798 1751 1817 1780 1667967080396 1805 1756 1817 1785 1667967080420 3
1824 1776 1850 1805 1667967080536 1824 1776 1850 1806 1667967080560 3
1845 1796 1870 1825 1667967080654 1845 1796 1870 1826 1667967080664 3
1867 1814 1890 1845 1667967080699 1867 1814 1890 1846 1667967080702 3
1882 1830 1906 1861 1667967080754 1882 1830 1906 1862 1667967080754 3
1891 1850 1916 1879 1667967080827 1891 1850 1916 1880 1667967080840 3
1907 1866 1931 1895 1667967080964 1912 1866 1931 1898 1667967080982 3
1951 1899 1949 1921 1667967081069 1951 1903 1949 1924 1667967081079 3
1970 1918 1960 1940 1667967081142 1970 1918 1960 1941 1667967081147 3
1976 1922 1975 1954 1667967081173 1976 1930 1978 1959 1667967081189 3
1996 1945 1992 1974 1667967081274 1996 1945 1998 1977 1667967081277 3
2012 1963 2012 1992 1667967081316 2012 1963 2016 1995 1667967081320 3
2020 1969 2027 2006 1667967081336 2020 1969 2030 2009 1667967081340 3
2044 1993 2048 2030 1667967081414 2047 1993 2048 2033 1667967081457 3
2060 2008 2065 2046 1667967081499 2060 2008 2065 2047 1667967081508 3
2081 2030 2077 2067 1667967081559 2084 2030 2077 2070 1667967081594 3
2099 2047 2097 2085 1667967081641 2099 2047 2097 2086 1667967081643 3
2119 2070 2120 2107 1667967081687 2119 2070 2120 2108 1667967081707 3
2138 2090 2140 2127 1667967081823 2138 2093 2140 2130 1667967081838 3
2158 2110 2160 2147 1667967081928 2158 2110 2160 2148 1667967081938 3
2178 2116 2177 2164 1667967082034 2178 2116 2177 2165 1667967082040 3
2193 2137 2195 2182 1667967082129 2193 2137 2195 2183 1667967082144 3
2204 2156 2214 2201 1667967082188 2204 2156 2217 2203 1667967082188 3
2225 2171 2232 2219 1667967082225 2225 2177 2232 2222 1667967082247 3
2242 2193 2243 2238 1667967082313 2242 2193 2243 2239 1667967082326 3
2259 2196 2258 2253 1667967082358 2259 2203 2261 2258 1667967082394 3
2293 2222 2292 2279 1667967082445 2293 2222 2292 2280 1667967082450 3
2310 2246 2312 2299 1667967082512 2310 2246 2312 2300 1667967082514 3
2336 2271 2345 2324 1667967082613 2336 2271 2345 2325 1667967082634 3
2353 2288 2354 2341 1667967082659 2353 2288 2354 2342 1667967082662 3
2367 2295 2369 2356 1667967082696 2367 2295 2372 2359 1667967082728 3
2392 2314 2391 2378 1667967082825 2392 2314 2391 2379 1667967082829 3
2399 2329 2406 2393 1667967082864 2399 2329 2406 2394 1667967082870 3
2413 2335 2412 2407 1667967082906 2413 2335 2412 2408 1667967082908 3
2439 2374 2448 2435 1667967083064 2439 2374 2448 2436 1667967083070 3
2455 2390 2463 2451 1667967083136 2455 2393 2463 2454 1667967083154 3
2462 2404 2469 2465 1667967083167 2466 2404 2469 2468 1667967083181 3
2487 2428 2492 2489 1667967083264 2487 2428 2492 2490 1667967083313 3
2507 2448 2511 2509 1667967083426 2507 2451 2511 2512 1667967083434 3
2528 2466 2543 2530 1667967083564 2528 2466 2543 2531 1667967083567 3
2561 2492 2568 2555 1667967083723 2564 2492 2568 2558 1667967083751 3
2581 2511 2588 2575 1667967083877 2581 2511 2588 2576 1667967083890 3
2584 2526 2601 2588 1667967083934 2584 2530 2606 2593 1667967083951 3
2596 2548 2622 2609 1667967084000 2596 2548 2622 2610 1667967084009 3
2616 2565 2628 2626 1667967084071 2616 2568 2628 2629 1667967084079 3
2636 2585 2649 2646 1667967084154 2636 2585 2649 2647 1667967084161 3
2654 2605 2671 2666 1667967084227 2654 2605 2671 2667 1667967084232 3
2685 2623 2692 2687 1667967084295 2688 2623 2692 2690 1667967084312 3
2716 2649 2724 2711 1667967084388 2716 2649 2724 2712 1667967084396 3
2747 2669 2738 2733 1667967084443 2747 2675 2738 2736 1667967084450 3
2756 2691 2755 2752 1667967084535 2756 2694 2755 2755 1667967084555 3
2787 2711 2777 2773 1667967084633 2792 2715 2777 2778 1667967084644 3
2807 2731 2797 2793 1667967084734 2807 2731 2797 2794 1667967084736 3
2846 2771 2834 2824 1667967084885 2846 2771 2834 2825 1667967084885 3
2866 2791 2854 2844 1667967084982 2866 2791 2854 2845 1667967084988 3
2873 2806 2869 2859 1667967085054 2873 2806 2869 2860 1667967085054 3
2892 2814 2891 2878 1667967085125 2892 2814 2894 2881 1667967085133 3
2910 2837 2911 2898 1667967085255 2910 2837 2911 2899 1667967085259 3
2929 2854 2929 2916 1667967085366 2929 2858 2929 2919 1667967085379 3
2949 2877 2951 2938 1667967085459 2949 2877 2951 2939 1667967085462 3
2964 2892 2958 2953 1667967085497 2970 2897 2958 2958 1667967085540 3
2989 2914 2978 2975 1667967085576 2989 2914 2978 2976 1667967085591 3
3007 2934 3000 2995 1667967085640 3007 2937 3000 2998 1667967085655 3
3026 2952 3017 3013 1667967085756 3026 2952 3017 3014 1667967085756 3
3041 2961 3035 3030 1667967085818 3041 2961 3035 3031 1667967085822 3
3063 2980 3043 3049 1667967085873 3063 2980 3043 3050 1667967085879 3
3083 3000 3063 3069 1667967085967 3083 3000 3063 3070 1667967086004 3
3086 3013 3078 3082 1667967086068 3086 3013 3078 3083 1667967086068 3
3109 3037 3103 3106 1667967086161 3109 3037 3103 3107 1667967086168 3
3129 3057 3123 3126 1667967086260 3129 3057 3123 3127 1667967086274 3
3146 3075 3141 3144 1667967086326 3146 3075 3141 3145 1667967086326 3
3167 3089 3149 3161 1667967086405 3170 3089 3149 3164 1667967086412 3
3192 3115 3181 3186 1667967086463 3192 3115 3181 3187 1667967086491 3
3209 3134 3201 3204 1667967086547 3209 3134 3201 3205 1667967086550 3
3230 3157 3223 3226 1667967086598 3230 3157 3223 3227 1667967086609 3
3252 3175 3243 3246 1667967086645 3252 3175 3243 3247 1667967086654 3
3286 3211 3267 3272 1667967086775 3286 3211 3267 3273 1667967086775 3
3306 3231 3286 3292 1667967086865 3306 3234 3286 3295 1667967086892 3
3326 3251 3306 3312 1667967087016 3326 3254 3306 3315 1667967087028 3
3341 3269 3327 3330 1667967087121 3341 3269 3327 3331 1667967087126 3
3347 3272 3339 3342 1667967087142 3347 3272 3339 3343 1667967087146 3
3359 3289 3358 3361 1667967087177 3359 3289 3358 3362 1667967087181 3
3395 3328 3383 3389 1667967087278 3395 3328 3383 3390 1667967087294 3
3419 3357 3418 3413 1667967087374 3419 3357 3418 3414 1667967087383 3
3435 3380 3438 3433 1667967087431 3435 3380 3438 3434 1667967087434 3
3459 3394 3468 3455 1667967087485 3459 3394 3468 3456 1667967087485 3
3479 3409 3486 3473 1667967087513 3479 3415 3486 3476 1667967087522 3
3498 3431 3494 3492 1667967087607 3498 3431 3494 3493 1667967087612 3
3515 3437 3514 3509 1667967087691 3518 3437 3514 3512 1667967087705 3
3533 3457 3531 3527 1667967087749 3533 3457 3531 3528 1667967087752 3
3550 3478 3552 3547 1667967087830 3550 3478 3552 3548 1667967087861 3
3575 3497 3574 3569 1667967088005 3575 3497 3574 3570 1667967088020 3
3595 3517 3594 3589 1667967088119 3595 3517 3594 3590 1667967088129 3
3612 3537 3612 3607 1667967088231 3612 3537 3612 3608 1667967088235 3
3616 3552 3618 3621 1667967088266 3616 3552 3618 3622 1667967088269 3
3636 3560 3634 3638 1667967088337 3636 3560 3634 3639 1667967088342 3
3642 3575 3638 3652 1667967088368 3642 3575 3638 3653 1667967088378 3
3656 3584 3658 3669 1667967088421 3662 3584 3663 3674 1667967088447 3
3679 3600 3678 3689 1667967088502 3679 3600 3678 3690 1667967088512 3
3698 3626 3700 3711 1667967088589 3698 3626 3700 3712 1667967088592 3
3715 3641 3716 3727 1667967088687 3715 3641 3716 3728 1667967088691 3
3731 3647 3721 3741 1667967088711 3731 3647 3721 3742 1667967088711 3
3780 3686 3755 3774 1667967088829 3780 3686 3755 3775 1667967088837 3
3786 3703 3770 3789 1667967088864 3786 3703 3773 3792 1667967088870 3
3823 3732 3803 3817 1667967088981 3823 3732 3803 3818 1667967088984 3
3838 3735 3821 3832 1667967089032 3841 3744 3821 3837 1667967089051 3
3855 3759 3841 3852 1667967089123 3855 3759 3841 3853 1667967089127 3
3863 3776 3858 3869 1667967089187 3863 3776 3858 3870 1667967089195 3
3903 3801 3894 3897 1667967089315 3906 3801 3894 3900 1667967089327 3
3919 3818 3909 3913 1667967089367 3919 3818 3909 3914 1667967089371 3
3946 3858 3948 3943 1667967089483 3946 3858 3951 3946 1667967089501 3
3963 3876 3966 3961 1667967089587 3970 3876 3971 3966 1667967089609 3
3987 3898 3988 3983 1667967089726 3987 3898 3991 3986 1667967089758 3
4018 3918 4008 4004 1667967089869 4018 3918 4012 4007 1667967089876 3
4038 3948 4029 4025 1667967089924 4038 3951 4029 4028 1667967089931 3
4080 3989 4068 4058 1667967090120 4080 3989 4068 4059 1667967090145 3
4095 4005 4085 4074 1667967090260 4099 4005 4085 4077 1667967090286 3
4128 4021 4109 4098 1667967090385 4131 4021 4109 4101 1667967090419 3
4146 4036 4129 4116 1667967090475 4146 4042 4129 4119 1667967090488 3
4164 4056 4145 4134 1667967090522 4164 4056 4145 4135 1667967090522 3
4169 4062 4161 4148 1667967090548 4173 4070 4166 4155 1667967090587 3
4203 4088 4182 4173 1667967090670 4203 4088 4182 4174 1667967090672 3
4223 4104 4206 4193 1667967090724 4223 4104 4206 4194 1667967090732 3
4270 4139 4243 4224 1667967090834 4273 4139 4243 4227 1667967090839 3
4286 4154 4259 4240 1667967090880 4286 4154 4259 4241 1667967090883 3
4308 4174 4283 4262 1667967090961 4308 4174 4283 4263 1667967090965 3
4325 4182 4300 4279 1667967091031 4325 4182 4303 4282 1667967091051 3
4342 4204 4317 4297 1667967091111 4342 4204 4317 4298 1667967091115 3
4364 4228 4342 4321 1667967091196 4364 4231 4342 4324 1667967091232 3
4385 4248 4362 4341 1667967091326 4385 4251 4362 4344 1667967091342 3
4407 4268 4380 4361 1667967091419 4407 4268 4380 4362 1667967091419 3
4423 4284 4398 4377 1667967091444 4426 4284 4398 4380 1667967091471 3
4458 4311 4422 4404 1667967091610 4458 4311 4422 4405 1667967091614 3
4475 4329 4452 4423 1667967091704 4480 4329 4452 4426 1667967091710 3
4499 4354 4476 4447 1667967091769 4499 4357 4476 4450 1667967091784 3
4515 4372 4494 4465 1667967091841 4515 4372 4494 4466 1667967091844 3
4539 4391 4523 4486 1667967091921 4539 4391 4523 4487 1667967091921 3
4562 4417 4547 4510 1667967092042 4562 4417 4547 4511 1667967092046 3
4581 4434 4553 4527 1667967092101 4581 4434 4553 4528 1667967092113 3
4611 4455 4585 4549 1667967092174 4614 4459 4585 4554 1667967092178 3
4638 4503 4625 4580 1667967092254 4638 4503 4625 4581 1667967092261 3
4653 4520 4644 4599 1667967092321 4653 4520 4647 4602 1667967092347 3
4671 4542 4664 4619 1667967092496 4671 4542 4664 4620 1667967092516 3
4688 4557 4667 4634 1667967092573 4688 4560 4667 4637 1667967092586 3
4707 4579 4693 4656 1667967092704 4707 4579 4696 4659 1667967092720 3
4728 4594 4711 4674 1667967092827 4728 4600 4716 4679 1667967092875 3
4747 4619 4733 4696 1667967093041 4747 4619 4736 4699 1667967093051 3
4768 4639 4753 4716 1667967093214 4768 4639 4756 4719 1667967093235 3
4784 4657 4771 4734 1667967093347 4791 4657 4771 4737 1667967093358 3
4807 4676 4779 4753 1667967093442 4810 4676 4779 4756 1667967093453 3
4825 4693 4799 4771 1667967093488 4825 4693 4799 4772 1667967093491 3
4845 4713 4819 4791 1667967093566 4845 4713 4819 4792 1667967093568 3
4865 4733 4839 4811 1667967093666 4865 4733 4839 4812 1667967093674 3
4890 4756 4873 4836 1667967093821 4890 4756 4876 4839 1667967093841 3
4910 4777 4893 4856 1667967093924 4910 4777 4893 4857 1667967093941 3
4925 4793 4909 4872 1667967093967 4929 4800 4909 4877 1667967093982 3
4948 4819 4931 4896 1667967094045 4948 4819 4931 4897 1667967094045 3
4964 4834 4939 4911 1667967094127 4964 4834 4939 4912 1667967094130 3
4970 4851 4957 4928 1667967094213 4970 4851 4957 4929 1667967094232 3
4996 4873 4976 4950 1667967094366 4996 4876 4976 4953 1667967094379 3
5013 4891 4996 4968 1667967094445 5013 4891 4996 4969 1667967094448 3
5045 4913 5019 4991 1667967094503 5045 4913 5019 4992 1667967094510 3
5070 4936 5053 5016 1667967094617 5070 4936 5053 5017 1667967094624 3
5085 4953 5059 5031 1667967094678 5085 4953 5059 5032 1667967094687 3
5090 4971 5077 5048 1667967094782 5097 4976 5077 5053 1667967094809 3
5116 4993 5096 5070 1667967094894 5116 4993 5096 5071 1667967094897 3
5133 4999 5116 5087 1667967094943 5133 4999 5116 5088 1667967094953 3
5153 5020 5134 5107 1667967094982 5156 5020 5134 5110 1667967095002 3
5171 5039 5153 5125 1667967095072 5171 5039 5153 5126 1667967095082 3
5174 5052 5157 5137 1667967095093 5174 5052 5157 5138 1667967095103 3
5193 5072 5177 5157 1667967095158 5193 5075 5177 5160 1667967095162 3
5216 5093 5189 5178 1667967095202 5219 5093 5189 5181 1667967095210 3
5232 5108 5205 5194 1667967095269 5232 5108 5205 5195 1667967095271 3
5254 5127 5229 5216 1667967095403 5254 5127 5229 5217 1667967095406 3
5287 5154 5252 5241 1667967095525 5287 5154 5252 5242 1667967095552 3
5293 5173 5271 5258 1667967095601 5293 5173 5271 5259 1667967095605 3
5313 5190 5289 5276 1667967095677 5313 5190 5292 5279 1667967095702 3
5374 5233 5340 5312 1667967095829 5377 5238 5340 5317 1667967095833 3
5393 5253 5351 5331 1667967095881 5393 5257 5351 5334 1667967095895 3
5415 5276 5372 5353 1667967095997 5415 5276 5372 5354 1667967096006 3
5421 5293 5391 5370 1667967096090 5421 5293 5391 5371 1667967096096 3
5453 5313 5411 5391 1667967096224 5453 5313 5411 5392 1667967096227 3
5461 5333 5431 5410 1667967096349 5461 5336 5431 5413 1667967096371 3
5481 5353 5451 5430 1667967096459 5481 5353 5451 5431 1667967096464 3
5501 5373 5471 5450 1667967096552 5501 5376 5471 5453 1667967096577 3
5522 5391 5491 5470 1667967096681 5522 5391 5491 5471 1667967096686 3
5555 5416 5511 5493 1667967096793 5555 5416 5511 5494 1667967096800 3
5571 5431 5528 5509 1667967096859 5571 5431 5528 5510 1667967096859 3
5589 5442 5538 5527 1667967096894 5589 5442 5538 5528 1667967096896 3
5607 5459 5557 5545 1667967096947 5607 5463 5557 5548 1667967096963 3
5627 5477 5578 5565 1667967097029 5627 5477 5578 5566 1667967097029 3
5649 5502 5598 5587 1667967097078 5649 5502 5598 5588 1667967097103 3
5681 5525 5631 5611 1667967097275 5681 5525 5631 5612 1667967097281 3
5703 5548 5663 5634 1667967097404 5703 5552 5668 5639 1667967097436 3
5723 5568 5683 5654 1667967097533 5723 5568 5683 5655 1667967097533 3
5743 5591 5705 5676 1667967097632 5743 5591 5705 5677 1667967097632 3
5777 5614 5725 5699 1667967097747 5780 5614 5725 5702 1667967097773 3
5795 5631 5745 5717 1667967097829 5795 5631 5745 5718 1667967097829 3
5812 5637 5763 5734 1667967097875 5812 5637 5763 5735 1667967097878 3
5820 5647 5779 5750 1667967097890 5820 5647 5782 5753 1667967097916 3
5838 5663 5797 5768 1667967097969 5838 5663 5797 5769 1667967097984 3
5857 5689 5819 5790 1667967098053 5857 5692 5819 5793 1667967098089 3
5877 5709 5839 5810 1667967098192 5877 5712 5839 5813 1667967098211 3
5909 5729 5859 5831 1667967098348 5909 5729 5859 5832 1667967098355 3
5931 5755 5893 5856 1667967098521 5931 5755 5896 5859 1667967098540 3
5951 5775 5913 5876 1667967098635 5951 5775 5916 5879 1667967098654 3
5968 5790 5929 5892 1667967098723 5968 5794 5934 5897 1667967098739 3
5978 5810 5948 5911 1667967098765 5984 5810 5948 5914 1667967098775 3
6000 5829 5968 5931 1667967098841 6004 5829 5973 5936 1667967098858 3
6020 5849 5988 5951 1667967098930 6026 5849 5991 5956 1667967098958 3
6041 5869 6007 5971 1667967098995 6046 5869 6011 5976 1667967099021 3
6059 5886 6025 5989 1667967099063 6059 5891 6031 5994 1667967099097 3
6086 5923 6050 6016 1667967099206 6086 5923 6050 6017 1667967099206 3
6103 5941 6070 6034 1667967099320 6103 5944 6070 6037 1667967099330 3
6124 5960 6090 6054 1667967099435 6124 5960 6090 6055 1667967099437 3
6146 5983 6110 6076 1667967099583 6146 5983 6110 6077 1667967099599 3
6163 5989 6130 6093 1667967099680 6163 5989 6130 6094 1667967099685 3
6183 6009 6150 6113 1667967099794 6183 6009 6150 6114 1667967099795 3
6201 6026 6168 6131 1667967099879 6204 6026 6168 6134 1667967099882 3
6221 6050 6184 6151 1667967099978 6221 6050 6191 6154 1667967099982 3
6240 6070 6207 6171 1667967100087 6240 6073 6207 6174 1667967100089 3
6260 6089 6216 6190 1667967100155 6260 6089 6216 6191 1667967100158 3
6275 6095 6233 6205 1667967100197 6275 6095 6233 6206 1667967100201 3
6278 6108 6237 6217 1667967100211 6278 6108 6237 6218 1667967100214 3
6298 6129 6251 6238 1667967100270 6298 6129 6251 6239 1667967100284 3
6317 6135 6268 6255 1667967100394 6317 6135 6268 6256 1667967100398 3
6332 6156 6286 6273 1667967100511 6338 6156 6291 6278 1667967100530 3
6355 6172 6306 6293 1667967100656 6355 6181 6309 6298 1667967100670 3
6388 6201 6340 6319 1667967100837 6388 6201 6343 6322 1667967100871 3
6411 6221 6362 6341 1667967101008 6411 6221 6362 6342 1667967101010 3
6429 6241 6379 6359 1667967101104 6432 6241 6383 6364 1667967101107 3
6451 6261 6402 6381 1667967101143 6451 6261 6402 6382 1667967101149 3
6468 6281 6420 6399 1667967101186 6468 6281 6420 6400 1667967101189 3
6492 6315 6445 6424 1667967101303 6492 6315 6445 6425 1667967101312 3
6511 6335 6465 6444 1667967101453 6511 6335 6465 6445 1667967101453 3
6528 6353 6483 6462 1667967101551 6528 6356 6483 6465 1667967101555 3
6569 6389 6519 6491 1667967101798 6569 6389 6519 6492 1667967101801 3
6591 6412 6539 6513 1667967101904 6591 6412 6539 6514 1667967101906 3
6611 6432 6559 6533 1667967101998 6611 6435 6559 6536 1667967102019 3
6631 6452 6579 6553 1667967102160 6631 6452 6579 6554 1667967102165 3
6649 6470 6596 6571 1667967102264 6649 6473 6605 6576 1667967102278 3
6668 6492 6622 6593 1667967102373 6668 6492 6625 6596 1667967102415 3
6689 6507 6640 6611 1667967102486 6689 6513 6645 6616 1667967102529 3
6708 6532 6662 6633 1667967102654 6708 6532 6662 6634 1667967102657 3
6728 6552 6682 6653 1667967102761 6728 6552 6685 6656 1667967102789 3
6762 6572 6705 6676 1667967102941 6762 6572 6705 6677 1667967102941 3
6780 6592 6722 6694 1667967103028 6780 6592 6722 6695 1667967103032 3
6788 6612 6742 6713 1667967103107 6788 6612 6745 6716 1667967103119 3
6820 6632 6762 6734 1667967103249 6820 6632 6766 6737 1667967103258 3
6840 6652 6782 6754 1667967103415 6840 6652 6782 6755 1667967103417 3
6846 6670 6800 6771 1667967103503 6846 6670 6803 6774 1667967103511 3
6869 6690 6817 6791 1667967103577 6874 6690 6823 6796 1667967103604 3
6889 6709 6842 6813 1667967103668 6889 6709 6842 6814 1667967103674 3
6909 6730 6857 6831 1667967103757 6912 6730 6857 6834 1667967103763 3
6931 6749 6882 6853 1667967103879 6931 6749 6885 6856 1667967103885 3
6948 6769 6900 6871 1667967104017 6952 6769 6900 6874 1667967104033 3
6968 6789 6908 6890 1667967104103 6968 6789 6908 6891 1667967104106 3
6974 6806 6928 6907 1667967104200 6974 6806 6928 6908 1667967104213 3
7006 6826 6948 6928 1667967104330 7006 6826 6948 6929 1667967104334 3
7031 6863 6985 6956 1667967104489 7031 6863 6988 6959 1667967104492 3
7048 6881 7003 6974 1667967104600 7055 6881 7003 6977 1667967104615 3
7069 6897 7021 6992 1667967104699 7069 6897 7024 6995 1667967104703 3
7094 6923 7043 7016 1667967104760 7094 6923 7043 7017 1667967104765 3
7112 6940 7062 7034 1667967104883 7112 6944 7062 7037 1667967104890 3
7149 6977 7099 7063 1667967105123 7154 6981 7099 7068 1667967105136 3
7171 7000 7119 7085 1667967105254 7171 7000 7119 7086 1667967105256 3
7189 7018 7136 7103 1667967105381 7189 7018 7136 7104 1667967105382 3
7211 7037 7162 7125 1667967105448 7211 7037 7162 7126 1667967105456 3
7226 7058 7180 7143 1667967105538 7226 7058 7180 7144 1667967105538 3
7232 7070 7183 7155 1667967105567 7232 7073 7183 7158 1667967105576 3
7257 7092 7208 7179 1667967105634 7257 7092 7208 7180 1667967105640 3
7277 7123 7228 7200 1667967105695 7277 7123 7228 7201 1667967105698 3
7281 7129 7243 7214 1667967105719 7281 7129 7243 7215 1667967105722 3
7303 7148 7251 7233 1667967105761 7306 7148 7251 7236 1667967105774 3
7321 7169 7283 7254 1667967105821 7327 7169 7283 7257 1667967105834 3
7341 7186 7288 7271 1667967105874 7346 7186 7295 7276 1667967105895 3
7361 7205 7311 7291 1667967106004 7361 7205 7311 7292 1667967106004 3
7383 7225 7334 7313 1667967106129 7383 7225 7334 7314 1667967106133 3
7400 7245 7352 7331 1667967106276 7400 7245 7352 7332 1667967106278 3
7426 7282 7388 7359 1667967106463 7426 7282 7391 7362 1667967106467 3
7446 7302 7408 7379 1667967106575 7446 7302 7408 7380 1667967106575 3
7478 7322 7428 7400 1667967106707 7478 7322 7428 7401 1667967106709 3
7498 7340 7449 7420 1667967106782 7498 7340 7449 7421 1667967106782 3
7520 7365 7469 7442 1667967106868 7520 7365 7469 7443 1667967106870 3
7540 7385 7488 7462 1667967106986 7540 7385 7488 7463 1667967106992 3
7560 7405 7509 7482 1667967107080 7560 7408 7509 7485 1667967107096 3
7580 7425 7528 7502 1667967107195 7580 7425 7528 7503 1667967107199 3
7597 7432 7546 7519 1667967107284 7597 7432 7546 7520 1667967107298 3
7617 7451 7568 7539 1667967107434 7620 7451 7568 7542 1667967107462 3
7637 7471 7588 7559 1667967107590 7637 7471 7588 7560 1667967107602 3
7657 7491 7608 7579 1667967107737 7657 7491 7608 7580 1667967107741 3
7675 7511 7625 7597 1667967107828 7675 7511 7625 7598 1667967107834 3
7695 7534 7648 7619 1667967107933 7695 7534 7648 7620 1667967107939 3
7709 7547 7652 7632 1667967107963 7709 7547 7656 7635 1667967107974 3
7729 7558 7669 7651 1667967108008 7732 7558 7669 7654 1667967108019 3
7751 7577 7694 7673 1667967108107 7751 7577 7697 7676 1667967108122 3
7771 7609 7714 7694 1667967108206 7771 7612 7714 7697 1667967108231 3
7791 7631 7737 7716 1667967108329 7791 7631 7737 7717 1667967108331 3
7812 7651 7757 7736 1667967108433 7812 7651 7757 7737 1667967108435 3
7831 7668 7763 7753 1667967108516 7831 7668 7763 7754 1667967108536 3
7851 7688 7783 7773 1667967108617 7851 7688 7783 7774 1667967108620 3
7868 7706 7803 7791 1667967108733 7868 7706 7803 7792 1667967108733 3
7886 7724 7821 7809 1667967108778 7890 7724 7827 7814 1667967108800 3
7906 7746 7844 7831 1667967108859 7906 7746 7844 7832 1667967108869 3
7929 7765 7863 7851 1667967108998 7932 7771 7863 7856 1667967109004 3
7948 7786 7883 7871 1667967109130 7948 7789 7883 7874 1667967109135 3
7971 7808 7903 7893 1667967109258 7971 7808 7903 7894 1667967109281 3
7980 7825 7932 7911 1667967109349 7980 7825 7932 7912 1667967109354 3
7997 7834 7949 7928 1667967109399 7997 7834 7949 7929 1667967109402 3
8015 7852 7955 7945 1667967109454 8015 7852 7955 7946 1667967109454 3
8018 7864 7961 7957 1667967109503 8018 7864 7961 7958 1667967109506 3
8043 7899 7989 7984 1667967109623 8043 7899 7989 7985 1667967109626 3
8063 7906 8006 8001 1667967109684 8063 7906 8009 8004 1667967109706 3
8081 7928 8026 8021 1667967109743 8081 7928 8026 8022 1667967109746 3
8098 7945 8035 8038 1667967109793 8098 7948 8035 8041 1667967109830 3
8118 7965 8055 8058 1667967109875 8118 7965 8055 8059 1667967109897 3
8148 7974 8075 8078 1667967109937 8148 7974 8075 8079 1667967109942 3
8166 8006 8095 8099 1667967110003 8166 8006 8095 8100 1667967110006 3
8191 8028 8115 8121 1667967110131 8191 8031 8115 8124 1667967110171 3
8211 8048 8135 8141 1667967110332 8211 8048 8135 8142 1667967110339 3
8231 8068 8155 8161 1667967110418 8231 8071 8155 8164 1667967110435 3
8246 8084 8172 8177 1667967110505 8252 8084 8177 8182 1667967110522 3
8268 8094 8195 8198 1667967110569 8271 8094 8195 8201 1667967110611 3
8286 8114 8212 8216 1667967110711 8286 8114 8216 8219 1667967110723 3
8297 8132 8232 8235 1667967110800 8297 8132 8232 8236 1667967110818 3
8327 8163 8252 8257 1667967110985 8330 8163 8252 8260 1667967111000 3
8349 8183 8276 8279 1667967111142 8349 8189 8279 8284 1667967111147 3
8380 8211 8299 8304 1667967111264 8385 8211 8299 8307 1667967111279 3
8402 8231 8318 8324 1667967111377 8402 8231 8318 8325 1667967111401 3
8408 8248 8338 8341 1667967111452 8408 8248 8338 8342 1667967111452 3
8425 8254 8353 8356 1667967111490 8425 8254 8356 8359 1667967111498 3
8446 8274 8370 8376 1667967111590 8446 8274 8370 8377 1667967111598 3
8457 8292 8392 8395 1667967111637 8457 8292 8392 8396 1667967111642 3
8472 8312 8410 8413 1667967111713 8472 8312 8410 8414 1667967111721 3
8492 8328 8418 8430 1667967111747 8495 8328 8418 8433 1667967111765 3
8514 8351 8438 8452 1667967111882 8514 8354 8438 8455 1667967111886 3
8529 8367 8455 8468 1667967112005 8529 8370 8460 8473 1667967112012 3
8538 8383 8474 8485 1667967112043 8538 8383 8474 8486 1667967112046 3
8558 8391 8493 8504 1667967112073 8558 8391 8496 8507 1667967112080 3
8574 8413 8510 8522 1667967112118 8579 8413 8510 8525 1667967112144 3
8590 8418 8516 8536 1667967112158 8590 8418 8516 8537 1667967112158 3
8595 8424 8531 8550 1667967112177 8599 8428 8531 8555 1667967112179 3
8612 8444 8542 8569 1667967112224 8620 8447 8542 8574 1667967112242 3
8637 8466 8561 8591 1667967112361 8637 8466 8561 8592 1667967112366 3
8657 8486 8581 8611 1667967112490 8657 8486 8581 8612 1667967112495 3
8677 8506 8601 8631 1667967112618 8677 8506 8601 8632 1667967112620 3
8697 8526 8621 8651 1667967112746 8700 8526 8621 8654 1667967112778 3
8720 8560 8658 8677 1667967112870 8720 8560 8658 8678 1667967112882 3
8737 8576 8673 8693 1667967112936 8737 8576 8673 8694 1667967112947 3
8763 8597 8698 8717 1667967113060 8763 8597 8701 8720 1667967113088 3
8781 8614 8716 8735 1667967113181 8781 8621 8716 8738 1667967113185 3
8801 8640 8738 8757 1667967113269 8801 8640 8738 8758 1667967113283 3
8820 8660 8758 8777 1667967113377 8820 8660 8758 8778 1667967113379 3
8837 8675 8774 8793 1667967113423 8837 8679 8774 8796 1667967113425 3
8849 8694 8793 8812 1667967113515 8849 8694 8793 8813 1667967113520 3
8869 8714 8801 8831 1667967113583 8869 8717 8801 8834 1667967113608 3
8884 8732 8822 8849 1667967113654 8892 8735 8822 8854 1667967113682 3
8907 8751 8841 8869 1667967113740 8910 8751 8841 8872 1667967113743 3
8929 8774 8861 8891 1667967113837 8929 8774 8861 8892 1667967113837 3
8946 8781 8881 8908 1667967113911 8946 8781 8881 8909 1667967113917 3
8966 8812 8901 8929 1667967114028 8966 8812 8901 8930 1667967114028 3
8987 8832 8918 8949 1667967114116 8990 8832 8918 8952 1667967114124 3
9023 8868 8959 8978 1667967114235 9023 8868 8959 8979 1667967114243 3
9046 8889 8981 9000 1667967114439 9046 8889 8981 9001 1667967114446 3
9062 8905 8996 9016 1667967114544 9062 8910 8996 9019 1667967114557 3
9069 8923 9014 9033 1667967114614 9069 8929 9017 9038 1667967114627 3
9093 8946 9032 9055 1667967114713 9096 8946 9032 9058 1667967114716 3
9115 8965 9058 9077 1667967114820 9115 8965 9058 9078 1667967114828 3
9135 8999 9081 9100 1667967115008 9135 8999 9081 9101 1667967115015 3
9155 9019 9101 9120 1667967115169 9155 9019 9101 9121 1667967115175 3
9172 9037 9119 9138 1667967115295 9179 9037 9119 9141 1667967115302 3
9195 9048 9147 9158 1667967115379 9195 9048 9150 9161 1667967115401 3
9216 9068 9166 9178 1667967115485 9216 9068 9166 9179 1667967115495 3
9219 9081 9170 9190 1667967115538 9219 9084 9176 9195 1667967115548 3
9242 9102 9192 9212 1667967115626 9242 9102 9192 9213 1667967115630 3
9259 9123 9213 9232 1667967115712 9259 9123 9213 9233 1667967115712 3
9284 9142 9235 9254 1667967115809 9284 9142 9235 9255 1667967115812 3
9290 9162 9252 9271 1667967115879 9290 9162 9255 9274 1667967115895 3
9310 9182 9272 9291 1667967115966 9310 9182 9272 9292 1667967115971 3
9327 9197 9278 9306 1667967116044 9331 9197 9278 9309 1667967116049 3
9343 9203 9293 9321 1667967116079 9343 9207 9293 9324 1667967116095 3
9371 9242 9332 9351 1667967116231 9371 9242 9332 9352 1667967116231 3
9393 9260 9352 9371 1667967116332 9393 9260 9352 9372 1667967116351 3
9408 9276 9368 9387 1667967116419 9408 9276 9371 9390 1667967116429 3
9428 9298 9386 9407 1667967116494 9432 9298 9386 9410 1667967116502 3
9451 9317 9410 9429 1667967116565 9451 9317 9410 9430 1667967116566 3
9473 9342 9430 9451 1667967116681 9473 9345 9430 9454 1667967116689 3
9490 9360 9449 9469 1667967116786 9490 9360 9449 9470 1667967116791 3
9508 9378 9466 9487 1667967116907 9508 9378 9466 9488 1667967116910 3
9534 9413 9495 9514 1667967117060 9534 9413 9495 9515 1667967117068 3
9567 9436 9515 9537 1667967117216 9567 9436 9515 9538 1667967117216 3
9576 9453 9533 9554 1667967117292 9576 9456 9533 9557 1667967117349 3
9596 9473 9553 9574 1667967117471 9596 9476 9553 9577 1667967117478 3
9616 9493 9572 9594 1667967117539 9616 9496 9572 9597 1667967117549 3
9636 9513 9592 9614 1667967117604 9636 9516 9592 9617 1667967117616 3
9654 9529 9609 9632 1667967117662 9654 9536 9616 9637 1667967117690 3
9673 9553 9635 9654 1667967117780 9673 9553 9635 9655 1667967117794 3
9693 9559 9652 9671 1667967117862 9693 9559 9655 9674 1667967117878 3
9713 9593 9675 9694 1667967118001 9713 9593 9675 9695 1667967118004 3
9733 9611 9692 9712 1667967118116 9733 9611 9692 9713 1667967118116 3
9765 9631 9716 9735 1667967118265 9768 9631 9716 9738 1667967118316 3
9784 9642 9735 9754 1667967118397 9787 9642 9735 9757 1667967118406 3
9802 9662 9752 9772 1667967118493 9802 9662 9756 9775 1667967118510 3
9827 9696 9775 9797 1667967118670 9827 9696 9775 9798 1667967118679 3
9845 9714 9792 9815 1667967118765 9845 9717 9801 9820 1667967118783 3
9864 9736 9818 9837 1667967118863 9864 9736 9821 9840 1667967118897 3
9884 9756 9838 9857 1667967119007 9884 9756 9838 9858 1667967119016 3
9904 9776 9858 9877 1667967119127 9904 9776 9858 9878 1667967119136 3
9924 9796 9878 9897 1667967119270 9924 9796 9878 9898 1667967119271 3
9958 9819 9899 9920 1667967119378 9958 9819 9899 9921 1667967119385 3
9978 9839 9918 9940 1667967119521 9978 9839 9918 9941 1667967119553 3
9998 9859 9939 9960 1667967119664 10001 9859 9939 9963 1667967119672 3
10018 9879 9958 9980 1667967119773 10018 9879 9958 9981 1667967119779 3
10034 9894 9975 9996 1667967119854 10034 9894 9975 9997 1667967119855 3
10043 9912 9994 10013 1667967119875 10043 9912 9997 10016 1667967119885 3
10064 9925 10024 10035 1667967119956 10064 9925 10027 10038 1667967119973 3
10088 9957 10043 10058 1667967120093 10088 9957 10043 10059 1667967120096 3
10105 9975 10064 10076 1667967120161 10105 9975 10064 10077 1667967120161 3
10124 9985 10073 10094 1667967120198 10124 9985 10073 10095 1667967120227 3
10144 10005 10092 10114 1667967120342 10144 10005 10092 10115 1667967120357 3
10148 10018 10107 10127 1667967120438 10152 10018 10107 10130 1667967120445 3
10173 10042 10130 10151 1667967120578 10173 10042 10130 10152 1667967120588 3
10190 10051 10147 10168 1667967120662 10193 10051 10147 10171 1667967120678 3
10206 10066 10163 10184 1667967120776 10206 10066 10163 10185 1667967120781 3
10238 10103 10193 10212 1667967120970 10238 10103 10193 10213 1667967120984 3
10262 10122 10222 10233 1667967121032 10262 10122 10222 10234 1667967121037 3
10271 10143 10241 10252 1667967121074 10277 10143 10241 10255 1667967121083 3
10293 10160 10252 10271 1667967121131 10296 10160 10252 10274 1667967121156 3
10311 10179 10269 10289 1667967121286 10311 10179 10273 10292 1667967121292 3
10331 10199 10289 10309 1667967121398 10334 10199 10295 10314 1667967121428 3
10351 10222 10312 10331 1667967121547 10351 10222 10315 10334 1667967121549 3
10370 10239 10330 10349 1667967121671 10370 10239 10330 10350 1667967121674 3
10390 10262 10352 10371 1667967121824 10390 10262 10352 10372 1667967121828 3
10410 10282 10372 10391 1667967121953 10410 10282 10372 10392 1667967122006 3
10430 10302 10392 10411 1667967122095 10430 10302 10392 10412 1667967122097 3
10445 10315 10395 10424 1667967122152 10445 10315 10395 10425 1667967122156 3
10462 10320 10405 10440 1667967122172 10462 10320 10405 10441 1667967122185 3
10481 10343 10424 10460 1667967122253 10485 10343 10424 10463 1667967122258 3
10501 10352 10444 10479 1667967122340 10501 10352 10444 10480 1667967122346 3
10519 10371 10461 10497 1667967122475 10519 10371 10461 10498 1667967122479 3
10541 10391 10484 10519 1667967122593 10541 10391 10484 10520 1667967122606 3
10561 10411 10504 10539 1667967122716 10564 10411 10504 10542 1667967122723 3
10581 10434 10522 10559 1667967122834 10584 10434 10522 10562 1667967122874 3
10601 10454 10541 10579 1667967123016 10601 10454 10541 10580 1667967123016 3
10621 10474 10562 10599 1667967123112 10621 10474 10562 10600 1667967123121 3
10641 10494 10581 10619 1667967123241 10641 10494 10581 10620 1667967123265 3
10657 10509 10598 10635 1667967123328 10660 10509 10605 10640 1667967123359 3
10681 10534 10622 10659 1667967123418 10681 10534 10622 10660 1667967123425 3
10701 10554 10641 10679 1667967123502 10701 10554 10641 10680 1667967123504 3
10721 10574 10662 10699 1667967123607 10721 10574 10662 10700 1667967123613 3
10742 10597 10695 10722 1667967123767 10742 10597 10698 10725 1667967123803 3
10761 10617 10715 10742 1667967123895 10761 10617 10715 10743 1667967123909 3
10781 10637 10733 10762 1667967124090 10781 10637 10733 10763 1667967124094 3
10799 10654 10744 10779 1667967124162 10799 10654 10744 10780 1667967124186 3
10830 10674 10764 10800 1667967124330 10830 10674 10764 10801 1667967124333 3
10849 10683 10784 10819 1667967124423 10852 10683 10784 10822 1667967124451 3
10867 10700 10802 10837 1667967124505 10867 10700 10802 10838 1667967124505 3
10875 10723 10821 10856 1667967124654 10875 10723 10821 10857 1667967124656 3
10909 10746 10841 10879 1667967124779 10912 10746 10841 10882 1667967124783 3
10927 10763 10861 10897 1667967124934 10930 10763 10861 10900 1667967124943 3
10949 10786 10881 10919 1667967125068 10949 10786 10881 10920 1667967125072 3
10966 10805 10910 10938 1667967125189 10973 10812 10914 10945 1667967125212 3
10990 10827 10929 10960 1667967125327 10990 10827 10929 10961 1667967125347 3
11009 10835 10952 10979 1667967125425 11009 10835 10952 10980 1667967125428 3
11024 10856 10970 10997 1667967125539 11024 10856 10973 11000 1667967125559 3
11047 10876 10987 11017 1667967125622 11047 10876 10987 11018 1667967125626 3
11054 10891 11005 11032 1667967125654 11054 10891 11008 11035 1667967125669 3
11076 10915 11029 11056 1667967125733 11076 10915 11029 11057 1667967125747 3
11092 10933 11047 11074 1667967125856 11092 10933 11047 11075 1667967125856 3
11113 10951 11063 11092 1667967125949 11117 10958 11070 11099 1667967125988 3
11135 10975 11089 11116 1667967126083 11135 10975 11089 11117 1667967126085 3
11155 10995 11109 11136 1667967126193 11155 10995 11109 11137 1667967126199 3
11172 11011 11124 11152 1667967126291 11177 11011 11130 11157 1667967126297 3
11195 11035 11149 11176 1667967126398 11195 11035 11149 11177 1667967126403 3
11216 11053 11164 11194 1667967126501 11216 11053 11170 11197 1667967126508 3
11236 11075 11189 11216 1667967126682 11236 11078 11189 11219 1667967126687 3
11255 11095 11209 11236 1667967126810 11255 11095 11209 11237 1667967126818 3
11272 11101 11224 11251 1667967126881 11276 11101 11229 11256 1667967126901 3
11295 11121 11246 11273 1667967127005 11295 11121 11246 11274 1667967127022 3
11308 11136 11249 11286 1667967127086 11311 11136 11249 11289 1667967127090 3
11329 11158 11261 11307 1667967127205 11329 11158 11261 11308 1667967127207 3
11344 11176 11282 11325 1667967127307 11350 11181 11282 11330 1667967127315 3
11369 11198 11301 11347 1667967127422 11369 11201 11301 11350 1667967127438 3
11389 11218 11321 11367 1667967127519 11389 11218 11321 11368 1667967127533 3
11409 11238 11353 11388 1667967127604 11409 11242 11358 11393 1667967127616 3
11429 11258 11373 11408 1667967127666 11429 11258 11376 11411 1667967127700 3
11449 11281 11395 11430 1667967127853 11449 11284 11395 11433 1667967127870 3
11469 11299 11412 11448 1667967127987 11469 11302 11418 11453 1667967128016 3
11506 11335 11438 11476 1667967128133 11506 11335 11438 11477 1667967128138 3
11524 11355 11461 11496 1667967128249 11524 11358 11461 11499 1667967128273 3
11543 11375 11481 11516 1667967128386 11543 11375 11481 11517 1667967128386 3
11563 11395 11501 11536 1667967128585 11563 11398 11501 11539 1667967128591 3
11583 11416 11518 11555 1667967128670 11583 11416 11524 11559 1667967128707 3
11603 11435 11541 11576 1667967128802 11603 11435 11541 11577 1667967128808 3
11624 11450 11559 11594 1667967128895 11624 11450 11559 11595 1667967128900 3
11644 11473 11581 11616 1667967128961 11644 11478 11581 11619 1667967128981 3
11666 11495 11599 11636 1667967129073 11666 11495 11599 11637 1667967129081 3
11684 11515 11621 11656 1667967129164 11684 11515 11621 11657 1667967129171 3
11698 11518 11634 11669 1667967129200 11702 11525 11634 11674 1667967129224 3
11721 11539 11656 11691 1667967129339 11721 11545 11656 11694 1667967129354 3
11740 11564 11678 11713 1667967129474 11740 11564 11681 11716 1667967129490 3
11775 11596 11698 11737 1667967129665 11775 11599 11698 11740 1667967129681 3
11794 11615 11722 11757 1667967129803 11794 11615 11725 11760 1667967129820 3
11817 11638 11742 11779 1667967129937 11817 11638 11742 11780 1667967129939 3
11832 11656 11762 11797 1667967130061 11838 11661 11762 11802 1667967130124 3
11857 11678 11781 11819 1667967130206 11857 11678 11781 11820 1667967130230 3
11877 11698 11801 11839 1667967130296 11877 11701 11801 11842 1667967130309 3
11894 11716 11821 11857 1667967130365 11894 11716 11821 11858 1667967130373 3
11917 11738 11841 11879 1667967130496 11917 11738 11841 11880 1667967130496 3
11934 11744 11861 11896 1667967130596 11934 11744 11861 11897 1667967130599 3
11950 11761 11876 11912 1667967130693 11950 11761 11876 11913 1667967130697 3
11974 11784 11901 11936 1667967130826 11974 11784 11901 11937 1667967130842 3
11994 11804 11921 11956 1667967130944 11997 11804 11921 11959 1667967130956 3
12014 11824 11941 11976 1667967131106 12014 11824 11941 11977 1667967131125 3
12030 11841 11956 11992 1667967131173 12030 11841 11956 11993 1667967131173 3
12049 11859 11968 12011 1667967131239 12049 11859 11968 12012 1667967131241 3
12054 11879 11985 12028 1667967131269 12063 11882 11985 12033 1667967131308 3
12078 11896 12005 12048 1667967131347 12078 11896 12005 12049 1667967131352 3
12103 11933 12038 12074 1667967131489 12103 11936 12044 12079 1667967131522 3
12126 11953 12061 12096 1667967131628 12126 11953 12064 12099 1667967131638 3
12144 11975 12081 12116 1667967131769 12144 11975 12081 12117 1667967131773 3
12163 11995 12101 12136 1667967131898 12163 11995 12101 12137 1667967131906 3
12183 12012 12119 12154 1667967132020 12183 12012 12119 12155 1667967132027 3
12200 12021 12136 12171 1667967132086 12200 12021 12136 12172 1667967132112 3
12226 12055 12158 12196 1667967132259 12229 12055 12158 12199 1667967132285 3
12244 12072 12178 12214 1667967132390 12247 12078 12178 12219 1667967132396 3
12266 12095 12198 12236 1667967132472 12266 12095 12198 12237 1667967132475 3
12289 12116 12232 12259 1667967132529 12289 12116 12235 12262 1667967132551 3
12304 12136 12250 12277 1667967132594 12310 12136 12250 12280 1667967132617 3
12329 12156 12272 12299 1667967132718 12329 12156 12272 12300 1667967132720 3
12344 12170 12279 12314 1667967132798 12344 12176 12279 12317 1667967132838 3
12364 12192 12298 12334 1667967132910 12367 12198 12298 12339 1667967132934 3
12381 12213 12319 12354 1667967133058 12381 12213 12319 12355 1667967133073 3
12403 12233 12338 12374 1667967133170 12403 12236 12338 12377 1667967133175 3
12426 12255 12358 12396 1667967133293 12426 12255 12358 12397 1667967133300 3
12433 12272 12378 12413 1667967133416 12433 12275 12378 12416 1667967133433 3
12452 12290 12395 12431 1667967133555 12452 12290 12395 12432 1667967133588 3
12467 12293 12402 12445 1667967133618 12470 12301 12402 12450 1667967133644 3
12484 12316 12422 12465 1667967133690 12490 12316 12422 12468 1667967133693 3
12506 12336 12441 12485 1667967133812 12506 12336 12441 12486 1667967133822 3
12522 12341 12456 12500 1667967133862 12522 12346 12456 12503 1667967133868 3
12527 12357 12462 12514 1667967133884 12531 12357 12462 12517 1667967133890 3
12563 12384 12487 12541 1667967134005 12563 12384 12487 12542 1667967134009 3
12583 12404 12507 12561 1667967134144 12586 12404 12507 12564 1667967134156 3
12603 12424 12527 12581 1667967134258 12603 12424 12527 12582 1667967134260 3
12621 12441 12547 12599 1667967134364 12621 12445 12547 12602 1667967134369 3
12641 12461 12567 12619 1667967134474 12641 12461 12567 12620 1667967134474 3
12663 12484 12587 12641 1667967134691 12663 12484 12587 12642 1667967134696 3
12683 12504 12607 12661 1667967134780 12683 12504 12607 12662 1667967134785 3
12703 12522 12630 12681 1667967134849 12703 12522 12630 12682 1667967134856 3
12721 12541 12647 12699 1667967134918 12721 12541 12647 12700 1667967134922 3
12738 12558 12656 12716 1667967135027 12741 12558 12656 12719 1667967135035 3
12757 12567 12676 12735 1667967135124 12757 12567 12676 12736 1667967135124 3
12780 12601 12697 12758 1667967135281 12780 12601 12697 12759 1667967135286 3
12812 12624 12733 12784 1667967135443 12812 12624 12733 12785 1667967135446 3
12834 12644 12753 12804 1667967135556 12834 12644 12753 12805 1667967135579 3
12852 12664 12770 12822 1667967135682 12852 12664 12770 12823 1667967135692 3
12860 12684 12790 12841 1667967135788 12860 12684 12793 12844 1667967135812 3
12880 12701 12808 12859 1667967135925 12880 12701 12808 12860 1667967135935 3
12900 12721 12816 12878 1667967135974 12900 12724 12816 12881 1667967135981 3
12929 12742 12849 12900 1667967136033 12929 12745 12849 12903 1667967136037 3
12951 12764 12871 12922 1667967136078 12951 12764 12871 12923 1667967136084 3
12967 12779 12876 12937 1667967136111 12972 12787 12881 12944 1667967136125 3
12986 12800 12896 12957 1667967136190 12986 12800 12896 12958 1667967136192 3
13008 12821 12920 12979 1667967136301 13008 12821 12920 12980 1667967136311 3
13026 12838 12928 12996 1667967136431 13026 12838 12928 12997 1667967136447 3
13062 12867 12963 13024 1667967136625 13065 12867 12963 13027 1667967136631 3
13082 12887 12982 13044 1667967136773 13085 12887 12982 13047 1667967136780 3
13100 12904 13002 13062 1667967136890 13100 12908 13002 13065 1667967136894 3
13122 12927 13023 13084 1667967137039 13122 12927 13023 13085 1667967137041 3
13138 12942 13039 13100 1667967137107 13143 12946 13048 13107 1667967137121 3
13159 12964 13063 13122 1667967137177 13159 12964 13063 13123 1667967137190 3
13177 12981 13081 13140 1667967137229 13177 12981 13084 13143 1667967137245 3
13183 12991 13097 13156 1667967137300 13183 12991 13100 13159 1667967137309 3
13208 13010 13119 13178 1667967137459 13211 13010 13119 13181 1667967137467 3
13228 13031 13139 13198 1667967137558 13231 13031 13139 13201 1667967137625 3
13248 13050 13159 13218 1667967137799 13248 13050 13159 13219 1667967137799 3
13266 13070 13179 13238 1667967137914 13266 13070 13179 13239 1667967137916 3
13288 13090 13199 13258 1667967138064 13288 13090 13199 13259 1667967138066 3
13308 13110 13219 13278 1667967138188 13308 13110 13219 13279 1667967138190 3
13328 13130 13239 13298 1667967138302 13328 13130 13239 13299 1667967138305 3
13335 13145 13254 13313 1667967138362 13335 13145 13254 13314 1667967138365 3
13367 13170 13285 13337 1667967138450 13370 13177 13293 13344 1667967138472 3
13388 13196 13310 13361 1667967138584 13388 13196 13313 13364 1667967138603 3
13422 13217 13333 13384 1667967138730 13425 13217 13333 13387 1667967138758 3
13442 13236 13353 13404 1667967138856 13442 13236 13353 13405 1667967138858 3
13465 13270 13373 13427 1667967139047 13465 13270 13373 13428 1667967139049 3
13482 13288 13393 13445 1667967139195 13482 13288 13393 13446 1667967139205 3
13505 13308 13414 13467 1667967139320 13505 13308 13414 13468 1667967139328 3
13525 13330 13434 13487 1667967139443 13525 13330 13434 13488 1667967139445 3
13548 13362 13467 13511 1667967139522 13548 13367 13471 13516 1667967139541 3
13566 13380 13485 13529 1667967139587 13570 13380 13485 13532 1667967139590 3
13585 13388 13496 13547 1667967139625 13588 13388 13496 13550 1667967139639 3
13605 13407 13516 13567 1667967139779 13605 13407 13516 13568 1667967139784 3
13625 13427 13536 13587 1667967139881 13625 13427 13536 13588 1667967139892 3
13645 13447 13556 13607 1667967140019 13645 13447 13556 13608 1667967140041 3
13651 13467 13573 13624 1667967140140 13651 13467 13573 13625 1667967140158 3
13671 13484 13580 13641 1667967140231 13671 13487 13580 13644 1667967140236 3
13691 13504 13599 13661 1667967140343 13691 13504 13599 13662 1667967140355 3
13711 13524 13619 13681 1667967140459 13711 13527 13619 13684 1667967140482 3
13731 13544 13639 13701 1667967140588 13731 13544 13639 13702 1667967140600 3
13762 13565 13665 13724 1667967140687 13765 13565 13665 13727 1667967140730 3
13778 13581 13680 13740 1667967140780 13781 13590 13684 13747 1667967140847 3
13799 13607 13705 13764 1667967140951 13799 13607 13705 13765 1667967140967 3
13836 13630 13739 13790 1667967141152 13836 13630 13739 13791 1667967141169 3
13853 13648 13748 13807 1667967141266 13853 13648 13748 13808 1667967141269 3
13876 13684 13782 13833 1667967141466 13876 13684 13782 13834 1667967141476 3
13893 13699 13788 13848 1667967141552 13897 13699 13788 13851 1667967141565 3
13916 13721 13808 13870 1667967141663 13916 13724 13808 13873 1667967141666 3
13933 13739 13828 13888 1667967141740 13939 13742 13828 13893 1667967141769 3
13956 13761 13860 13911 1667967141850 13956 13761 13860 13912 1667967141852 3
13968 13792 13882 13933 1667967141916 13968 13792 13882 13934 1667967141941 3
13988 13812 13902 13953 1667967142079 13988 13812 13902 13954 1667967142084 3
14008 13832 13922 13973 1667967142202 14008 13832 13922 13974 1667967142209 3
14042 13864 13945 13997 1667967142331 14048 13867 13945 14002 1667967142363 3
14063 13883 13965 14017 1667967142418 14063 13887 13965 14020 1667967142422 3
14083 13903 13985 14037 1667967142481 14086 13903 13985 14040 1667967142516 3
14105 13926 14006 14059 1667967142607 14105 13926 14006 14060 1667967142612 3
14125 13946 14025 14079 1667967142733 14125 13946 14025 14080 1667967142738 3
14145 13966 14045 14099 1667967142826 14145 13966 14045 14100 1667967142833 3
14160 13984 14066 14117 1667967142959 14160 13987 14066 14120 1667967142967 3
14168 14001 14083 14134 1667967142992 14168 14001 14083 14135 1667967143019 3
14195 14021 14114 14157 1667967143107 14195 14027 14114 14160 1667967143126 3
14209 14039 14119 14172 1667967143153 14215 14042 14119 14177 1667967143170 3
14231 14060 14131 14193 1667967143227 14234 14060 14131 14196 1667967143283 3
14249 14077 14151 14211 1667967143387 14249 14077 14151 14212 1667967143403 3
14257 14097 14171 14230 1667967143510 14257 14097 14171 14231 1667967143512 3
14277 14117 14191 14250 1667967143628 14277 14120 14191 14253 1667967143677 3
14297 14137 14211 14270 1667967143729 14297 14140 14211 14273 1667967143749 3
14329 14157 14231 14291 1667967143789 14332 14163 14231 14296 1667967143835 3
14351 14180 14251 14313 1667967143877 14351 14180 14251 14314 1667967143897 3
14368 14198 14271 14331 1667967143961 14368 14198 14271 14332 1667967143965 3
14389 14220 14292 14353 1667967144016 14389 14220 14292 14354 1667967144018 3
14411 14240 14312 14373 1667967144085 14411 14243 14312 14376 1667967144092 3
14428 14258 14331 14391 1667967144163 14428 14261 14331 14394 1667967144181 3
14449 14278 14348 14411 1667967144337 14449 14278 14348 14412 1667967144339 3
14471 14297 14374 14433 1667967144455 14471 14297 14374 14434 1667967144455 3
14491 14317 14394 14453 1667967144582 14491 14317 14394 14454 1667967144589 3
14511 14340 14412 14473 1667967144728 14514 14340 14412 14476 1667967144750 3
14529 14357 14431 14491 1667967144849 14529 14357 14431 14492 1667967144849 3
14549 14375 14452 14511 1667967144958 14549 14375 14452 14512 1667967144958 3
14571 14400 14471 14533 1667967145081 14571 14400 14471 14534 1667967145088 3
14577 14417 14491 14550 1667967145168 14577 14417 14491 14551 1667967145170 3
14606 14426 14506 14568 1667967145222 14606 14426 14506 14569 1667967145222 3
14617 14455 14528 14588 1667967145273 14617 14458 14534 14593 1667967145285 3
14651 14478 14554 14613 1667967145339 14651 14478 14554 14614 1667967145377 3
14703 14521 14614 14649 1667967145529 14703 14521 14614 14650 1667967145535 3
14720 14544 14634 14669 1667967145620 14720 14544 14634 14670 1667967145630 3
14731 14561 14650 14686 1667967145700 14731 14561 14654 14689 1667967145719 3
14751 14581 14670 14706 1667967145811 14751 14581 14674 14709 1667967145819 3
14771 14603 14693 14728 1667967145958 14771 14603 14693 14729 1667967145961 3
14791 14621 14710 14746 1667967146119 14791 14621 14710 14747 1667967146119 3
14811 14643 14733 14768 1667967146264 14811 14643 14736 14771 1667967146327 3
14828 14658 14749 14784 1667967146445 14828 14658 14749 14785 1667967146458 3
14868 14700 14790 14817 1667967146588 14868 14700 14793 14820 1667967146596 3
14888 14717 14808 14835 1667967146713 14888 14723 14811 14840 1667967146731 3
14908 14740 14830 14857 1667967146885 14908 14743 14830 14860 1667967146897 3
14928 14758 14847 14875 1667967147022 14928 14758 14847 14876 1667967147047 3
14948 14780 14870 14897 1667967147216 14948 14780 14870 14898 1667967147226 3
14968 14800 14890 14917 1667967147351 14968 14800 14893 14920 1667967147360 3
14988 14817 14908 14935 1667967147483 14988 14817 14908 14936 1667967147483 3
15018 14838 14928 14956 1667967147553 15018 14838 14928 14957 1667967147559 3
15037 14857 14939 14975 1667967147610 15042 14861 14939 14980 1667967147648 3
15059 14880 14959 14997 1667967147763 15062 14880 14959 15000 1667967147796 3
15077 14897 14979 15015 1667967147897 15077 14901 14979 15018 1667967147901 3
15099 14920 14999 15037 1667967148017 15099 14920 14999 15038 1667967148022 3
15119 14938 15022 15057 1667967148129 15119 14938 15022 15058 1667967148133 3
15139 14957 15042 15077 1667967148228 15139 14957 15042 15078 1667967148230 3
15157 14977 15059 15095 1667967148333 15157 14977 15059 15096 1667967148333 3
15177 14995 15080 15115 1667967148411 15177 14995 15080 15116 1667967148428 3
15196 15020 15102 15137 1667967148518 15196 15023 15102 15140 1667967148528 3
15216 15040 15122 15157 1667967148631 15216 15040 15122 15158 1667967148633 3
15236 15058 15139 15175 1667967148737 15236 15058 15143 15178 1667967148761 3
15256 15080 15162 15197 1667967148884 15256 15080 15162 15198 1667967148887 3
15276 15100 15182 15217 1667967148993 15276 15103 15182 15220 1667967149022 3
15296 15120 15202 15237 1667967149182 15296 15123 15202 15240 1667967149202 3
15316 15140 15222 15257 1667967149344 15316 15143 15222 15260 1667967149351 3
15336 15158 15239 15275 1667967149480 15336 15158 15243 15278 1667967149485 3
15356 15178 15259 15295 1667967149619 15356 15178 15259 15296 1667967149620 3
15371 15184 15263 15309 1667967149668 15371 15184 15263 15310 1667967149673 3
15393 15217 15291 15334 1667967149787 15393 15217 15291 15335 1667967149790 3
15413 15237 15311 15354 1667967149916 15413 15237 15311 15355 1667967149920 3
15447 15260 15331 15377 1667967150065 15447 15260 15331 15378 1667967150067 3
15467 15278 15354 15397 1667967150182 15470 15278 15354 15400 1667967150204 3
15487 15300 15372 15417 1667967150311 15487 15300 15372 15418 1667967150311 3
15507 15318 15392 15437 1667967150432 15507 15318 15392 15438 1667967150436 3
15527 15337 15414 15457 1667967150541 15530 15337 15414 15460 1667967150560 3
15547 15357 15434 15477 1667967150702 15547 15357 15434 15478 1667967150709 3
15568 15391 15457 15500 1667967150843 15568 15391 15457 15501 1667967150850 3
15587 15411 15477 15520 1667967150951 15587 15411 15477 15521 1667967150963 3
15621 15434 15497 15543 1667967151107 15624 15434 15497 15546 1667967151136 3
15639 15451 15517 15561 1667967151234 15639 15451 15517 15562 1667967151240 3
15645 15458 15534 15577 1667967151287 15645 15458 15537 15580 1667967151302 3
15664 15480 15554 15597 1667967151434 15664 15480 15554 15598 1667967151441 3
15684 15497 15572 15615 1667967151602 15684 15503 15575 15620 1667967151629 3
15707 15520 15592 15637 1667967151760 15707 15520 15592 15638 1667967151774 3
15727 15540 15611 15657 1667967151884 15727 15540 15611 15658 1667967151888 3
15744 15558 15631 15675 1667967152001 15748 15558 15631 15678 1667967152013 3
15764 15578 15651 15695 1667967152087 15764 15578 15651 15696 1667967152094 3
15771 15581 15666 15709 1667967152112 15771 15581 15666 15710 1667967152114 3
15788 15604 15686 15729 1667967152165 15794 15604 15686 15732 1667967152179 3
15810 15624 15705 15749 1667967152310 15810 15624 15705 15750 1667967152319 3
15831 15641 15726 15769 1667967152426 15836 15647 15726 15774 1667967152444 3
15853 15666 15745 15791 1667967152552 15856 15666 15745 15794 1667967152568 3
15871 15683 15775 15810 1667967152605 15875 15690 15782 15817 1667967152628 3
15907 15709 15802 15837 1667967152727 15907 15709 15802 15838 1667967152727 3
15925 15729 15819 15855 1667967152834 15925 15729 15819 15856 1667967152834 3
15944 15749 15828 15874 1667967152927 15947 15749 15828 15877 1667967152940 3
15962 15764 15849 15892 1667967153026 15965 15764 15849 15895 1667967153030 3
15984 15789 15868 15914 1667967153110 15984 15792 15868 15917 1667967153127 3
16004 15809 15888 15934 1667967153239 16004 15812 15888 15937 1667967153243 3
16019 15825 15905 15950 1667967153297 16019 15825 15905 15951 1667967153303 3
16041 15846 15917 15971 1667967153363 16041 15846 15917 15972 1667967153371 3
16061 15866 15937 15991 1667967153487 16061 15866 15937 15992 1667967153491 3
16081 15886 15957 16011 1667967153615 16081 15889 15957 16014 1667967153633 3
16101 15909 15991 16034 1667967153784 16101 15909 15994 16037 1667967153789 3
16121 15929 16011 16054 1667967153914 16121 15929 16011 16055 1667967153926 3
16144 15947 16031 16074 1667967154045 16144 15947 16031 16075 1667967154047 3
16161 15966 16049 16092 1667967154163 16167 15966 16052 16097 1667967154182 3
16184 15986 16071 16114 1667967154293 16184 15986 16071 16115 1667967154299 3
16204 16006 16091 16134 1667967154388 16204 16006 16091 16135 1667967154396 3
16207 16021 16104 16147 1667967154421 16212 16021 16104 16150 1667967154428 3
16245 16060 16134 16177 1667967154588 16245 16063 16134 16180 1667967154593 3
16264 16080 16154 16197 1667967154720 16264 16080 16154 16198 1667967154727 3
16284 16100 16174 16217 1667967154852 16284 16103 16174 16220 1667967154886 3
16307 16120 16192 16237 1667967155005 16307 16120 16192 16238 1667967155010 3
16324 16138 16211 16255 1667967155107 16324 16141 16211 16258 1667967155112 3
16347 16160 16231 16277 1667967155277 16350 16160 16231 16280 1667967155294 3
16365 16177 16251 16295 1667967155461 16365 16177 16251 16296 1667967155473 3
16383 16195 16268 16313 1667967155547 16383 16195 16268 16314 1667967155547 3
16408 16223 16305 16340 1667967155659 16408 16223 16305 16341 1667967155659 3
16427 16243 16325 16360 1667967155768 16427 16243 16328 16363 1667967155805 3
16447 16263 16345 16380 1667967155960 16447 16263 16345 16381 1667967155982 3
16467 16280 16363 16398 1667967156077 16467 16286 16366 16403 1667967156086 3
16488 16301 16380 16418 1667967156190 16488 16301 16380 16419 1667967156192 3
16507 16323 16405 16440 1667967156319 16507 16326 16405 16443 1667967156353 3
16527 16341 16422 16458 1667967156458 16527 16341 16422 16459 1667967156466 3
16544 16359 16440 16476 1667967156577 16544 16359 16440 16477 1667967156580 3
16570 16380 16465 16500 1667967156677 16570 16380 16465 16501 1667967156697 3
16590 16400 16485 16520 1667967156794 16590 16400 16485 16521 1667967156800 3
16610 16420 16505 16540 1667967156956 16610 16420 16505 16541 1667967156962 3
16630 16440 16525 16560 1667967157083 16630 16440 16525 16561 1667967157083 3
16647 16460 16543 16578 1667967157200 16647 16460 16546 16581 1667967157205 3
16670 16480 16565 16600 1667967157358 16670 16480 16565 16601 1667967157374 3
16690 16500 16585 16620 1667967157529 16690 16500 16585 16621 1667967157546 3
16710 16520 16605 16640 1667967157654 16710 16520 16605 16641 1667967157660 3
16730 16540 16625 16660 1667967157777 16730 16540 16625 16661 1667967157777 3
16752 16573 16655 16682 1667967157858 16752 16573 16655 16683 1667967157867 3
16763 16594 16676 16703 1667967157930 16763 16594 16676 16704 1667967157937 3
16785 16612 16696 16723 1667967158012 16785 16612 16696 16724 1667967158012 3
16802 16643 16717 16744 1667967158165 16809 16643 16717 16747 1667967158179 3
16828 16665 16736 16766 1667967158295 16828 16665 16736 16767 1667967158299 3
16848 16685 16756 16786 1667967158432 16848 16685 16756 16787 1667967158448 3
16868 16705 16777 16806 1667967158547 16868 16705 16777 16807 1667967158556 3
16883 16712 16791 16821 1667967158641 16883 16712 16791 16822 1667967158641 3
16902 16731 16802 16840 1667967158713 16902 16731 16802 16841 1667967158715 3
16922 16751 16822 16860 1667967158821 16922 16751 16822 16861 1667967158821 3
16942 16771 16842 16880 1667967158927 16942 16771 16842 16881 1667967158931 3
16962 16791 16862 16900 1667967159019 16962 16791 16862 16901 1667967159019 3
17002 16828 16913 16932 1667967159261 17002 16828 16913 16933 1667967159269 3
17020 16845 16931 16950 1667967159383 17020 16852 16931 16953 1667967159394 3
17039 16871 16953 16972 1667967159525 17039 16871 16956 16975 1667967159531 3
17073 16894 16974 16995 1667967159679 17073 16894 16974 16996 1667967159679 3
17089 16909 16990 17011 1667967159782 17089 16913 16990 17014 1667967159788 3
17113 16931 17016 17035 1667967159918 17113 16931 17016 17036 1667967159937 3
17133 16951 17036 17055 1667967160061 17133 16951 17036 17056 1667967160076 3
17140 16966 17051 17070 1667967160145 17140 16966 17051 17071 1667967160147 3
17154 16972 17057 17084 1667967160171 17157 16972 17057 17087 1667967160198 3
17171 16984 17071 17101 1667967160225 17171 16984 17071 17102 1667967160240 3
17193 17018 17108 17127 1667967160323 17193 17018 17108 17128 1667967160323 3
17203 17032 17116 17143 1667967160390 17203 17037 17116 17146 1667967160408 3
17222 17054 17136 17163 1667967160581 17222 17054 17136 17164 1667967160584 3
17242 17074 17156 17183 1667967160672 17242 17077 17156 17186 1667967160696 3
17262 17092 17173 17201 1667967160839 17262 17092 17177 17204 1667967160847 3
17282 17112 17191 17221 1667967160939 17282 17112 17197 17224 1667967160946 3
17314 17132 17217 17244 1667967161066 17314 17132 17217 17245 1667967161069 3
17336 17160 17250 17269 1667967161261 17336 17160 17253 17272 1667967161286 3
17370 17183 17271 17292 1667967161423 17370 17183 17271 17293 1667967161434 3
17390 17203 17290 17312 1667967161530 17393 17203 17290 17315 1667967161539 3
17410 17223 17310 17332 1667967161677 17410 17223 17310 17333 1667967161678 3
17430 17243 17330 17352 1667967161763 17433 17243 17330 17355 1667967161779 3
17446 17258 17347 17368 1667967161813 17453 17264 17352 17375 1667967161827 3
17470 17283 17370 17392 1667967161941 17470 17283 17370 17393 1667967161943 3
17488 17300 17390 17410 1667967162069 17488 17304 17390 17413 1667967162074 3
17497 17320 17410 17429 1667967162153 17497 17320 17410 17430 1667967162161 3
17516 17338 17427 17447 1667967162275 17516 17338 17427 17448 1667967162285 3
17537 17360 17448 17469 1667967162379 17537 17360 17448 17470 1667967162379 3
17568 17381 17467 17490 1667967162517 17568 17381 17474 17493 1667967162540 3
17590 17403 17491 17512 1667967162595 17590 17403 17491 17513 1667967162603 3
17610 17423 17510 17532 1667967162759 17610 17423 17510 17533 1667967162762 3
17614 17438 17528 17547 1667967162829 17614 17438 17528 17548 1667967162831 3
17636 17449 17545 17566 1667967162918 17636 17449 17545 17567 1667967162933 3
17642 17466 17564 17583 1667967163006 17642 17466 17564 17584 1667967163010 3
17662 17486 17584 17603 1667967163131 17662 17486 17584 17604 1667967163139 3
17694 17507 17601 17624 1667967163295 17694 17507 17601 17625 1667967163295 3
17716 17540 17630 17649 1667967163425 17716 17540 17630 17650 1667967163426 3
17736 17560 17650 17669 1667967163547 17736 17563 17650 17672 1667967163592 3
17757 17580 17670 17689 1667967163679 17757 17583 17670 17692 1667967163685 3
17776 17600 17690 17709 1667967163756 17776 17600 17690 17710 1667967163759 3
17796 17620 17710 17729 1667967163856 17796 17620 17710 17730 1667967163873 3
17817 17640 17730 17749 1667967163994 17817 17640 17730 17750 1667967163996 3
17836 17660 17750 17769 1667967164098 17836 17660 17750 17770 1667967164122 3
17856 17680 17770 17789 1667967164279 17856 17680 17770 17790 1667967164284 3
17876 17700 17790 17809 1667967164455 17876 17700 17790 17810 1667967164459 3
17897 17720 17810 17829 1667967164569 17897 17720 17810 17830 1667967164573 3
17930 17743 17830 17852 1667967164741 17930 17743 17830 17853 1667967164756 3
17946 17758 17847 17868 1667967164850 17946 17758 17847 17869 1667967164853 3
17984 17786 17887 17898 1667967165093 17984 17786 17887 17899 1667967165100 3
18001 17806 17893 17915 1667967165175 18001 17806 17893 17916 1667967165183 3
18022 17827 17927 17938 1667967165311 18022 17827 17927 17939 1667967165315 3
18041 17846 17945 17956 1667967165434 18045 17846 17945 17959 1667967165453 3
18064 17866 17967 17978 1667967165604 18064 17866 17967 17979 1667967165604 3
18084 17886 17987 17998 1667967165729 18084 17886 17987 17999 1667967165737 3
18099 17904 18003 18014 1667967165846 18099 17904 18003 18015 1667967165846 3
18121 17926 18013 18035 1667967165943 18121 17926 18013 18036 1667967165946 3
18141 17946 18034 18055 1667967166029 18141 17946 18034 18056 1667967166037 3
18148 17961 18048 18070 1667967166075 18148 17961 18048 18071 1667967166085 3
18168 17981 18068 18090 1667967166213 18168 17981 18068 18091 1667967166218 3
18188 18003 18093 18112 1667967166307 18188 18003 18093 18113 1667967166313 3
18219 18020 18114 18133 1667967166454 18222 18020 18114 18136 1667967166471 3
18236 18044 18134 18153 1667967166571 18242 18044 18134 18156 1667967166576 3
18259 18066 18156 18175 1667967166714 18259 18066 18156 18176 1667967166718 3
18278 18086 18176 18195 1667967166818 18278 18086 18176 18196 1667967166834 3
18312 18107 18199 18218 1667967166952 18312 18107 18199 18219 1667967166972 3
18330 18123 18217 18236 1667967167078 18335 18130 18217 18241 1667967167086 3
18352 18149 18236 18258 1667967167152 18352 18149 18236 18259 1667967167152 3
18372 18169 18268 18279 1667967167228 18376 18169 18271 18284 1667967167271 3
18390 18190 18288 18299 1667967167332 18396 18190 18288 18302 1667967167344 3
18415 18223 18313 18324 1667967167503 18415 18223 18313 18325 1667967167518 3
18435 18230 18330 18341 1667967167585 18435 18230 18330 18342 1667967167589 3
18455 18250 18350 18361 1667967167747 18455 18250 18353 18364 1667967167764 3
18475 18269 18370 18381 1667967167892 18475 18269 18370 18382 1667967167896 3
18492 18289 18388 18399 1667967168006 18498 18289 18391 18404 1667967168032 3
18516 18321 18407 18422 1667967168152 18516 18321 18407 18423 1667967168161 3
18536 18338 18431 18442 1667967168271 18536 18338 18431 18443 1667967168274 3
18550 18350 18448 18459 1667967168312 18556 18350 18453 18464 1667967168328 3
18575 18383 18473 18484 1667967168415 18575 18383 18473 18485 1667967168420 3
18598 18406 18504 18507 1667967168511 18598 18406 18504 18508 1667967168523 3
18618 18426 18524 18527 1667967168648 18618 18426 18524 18528 1667967168652 3
18638 18446 18544 18547 1667967168752 18638 18446 18544 18548 1667967168755 3
18655 18461 18560 18563 1667967168812 18655 18461 18560 18564 1667967168814 3
18673 18473 18579 18582 1667967168870 18679 18473 18584 18587 1667967168894 3
18695 18492 18599 18602 1667967168952 18695 18492 18599 18603 1667967168955 3
18701 18510 18616 18619 1667967169032 18701 18510 18616 18620 1667967169037 3
18727 18529 18638 18641 1667967169136 18727 18529 18638 18642 1667967169161 3
18745 18552 18658 18661 1667967169275 18745 18552 18661 18664 1667967169290 3
18778 18572 18681 18684 1667967169405 18781 18572 18681 18687 1667967169421 3
18796 18589 18699 18702 1667967169461 18799 18589 18699 18705 1667967169466 3
18816 18615 18721 18724 1667967169521 18816 18618 18721 18727 1667967169527 3
18838 18635 18739 18744 1667967169593 18838 18635 18739 18745 1667967169598 3
18851 18642 18753 18758 1667967169669 18851 18642 18753 18760 1667967169669 3
18873 18658 18776 18779 1667967169764 18873 18658 18776 18780 1667967169764 3
18895 18684 18795 18801 1667967169861 18895 18684 18795 18802 1667967169880 3
18915 18704 18816 18821 1667967169984 18915 18707 18816 18824 1667967169993 3
18938 18725 18849 18844 1667967170102 18938 18725 18852 18847 1667967170114 3
18955 18744 18867 18862 1667967170222 18955 18744 18867 18863 1667967170227 3
18978 18764 18889 18884 1667967170321 18978 18764 18892 18887 1667967170359 3
18998 18784 18909 18904 1667967170542 18998 18784 18909 18905 1667967170548 3
19021 18818 18930 18927 1667967170616 19021 18818 18930 18928 1667967170624 3
19034 18823 18945 18940 1667967170651 19034 18823 18948 18943 1667967170663 3
19055 18833 18966 18961 1667967170757 19055 18833 18966 18962 1667967170760 3
19075 18853 18986 18981 1667967170879 19075 18853 18986 18982 1667967170879 3
19095 18873 19006 19001 1667967170994 19095 18873 19006 19002 1667967171007 3
19116 18907 19029 19024 1667967171132 19116 18907 19029 19025 1667967171141 3
19135 18927 19049 19044 1667967171255 19135 18927 19049 19045 1667967171273 3
19155 18945 19066 19062 1667967171376 19155 18945 19066 19063 1667967171382 3
19189 18970 19089 19087 1667967171543 19189 18970 19089 19088 1667967171545 3
19209 18988 19112 19107 1667967171683 19209 18988 19112 19108 1667967171683 3
19227 19007 19129 19125 1667967171767 19227 19007 19129 19126 1667967171770 3
19230 19022 19136 19139 1667967171786 19230 19022 19136 19140 1667967171793 3
19258 19058 19172 19167 1667967171864 19258 19058 19172 19168 1667967171868 3
19278 19076 19189 19185 1667967171967 19278 19076 19193 19188 1667967171983 3
19298 19098 19212 19207 1667967172121 19298 19098 19212 19208 1667967172127 3
19318 19118 19232 19227 1667967172262 19318 19118 19232 19228 1667967172266 3
19338 19136 19249 19245 1667967172364 19338 19136 19249 19246 1667967172378 3
19358 19158 19272 19267 1667967172476 19358 19158 19272 19268 1667967172480 3
19378 19175 19290 19285 1667967172602 19378 19175 19290 19286 1667967172610 3
19398 19184 19309 19304 1667967172714 19398 19184 19312 19307 1667967172724 3
19418 19204 19329 19324 1667967172840 19418 19204 19329 19325 1667967172844 3
19438 19224 19349 19344 1667967172919 19438 19224 19349 19345 1667967172932 3
19455 19242 19358 19361 1667967172957 19455 19242 19358 19362 1667967172965 3
19473 19258 19376 19379 1667967173091 19478 19265 19376 19384 1667967173111 3
19495 19284 19395 19401 1667967173246 19498 19284 19395 19404 1667967173259 3
19513 19301 19415 19419 1667967173390 19513 19301 19415 19420 1667967173393 3
19535 19327 19449 19444 1667967173559 19535 19327 19449 19445 1667967173568 3
19569 19347 19472 19467 1667967173723 19569 19347 19472 19468 1667967173729 3
19587 19367 19489 19485 1667967173885 19587 19367 19489 19486 1667967173888 3
19606 19387 19510 19505 1667967174012 19606 19387 19510 19506 1667967174012 3
19627 19407 19529 19525 1667967174061 19627 19407 19529 19526 1667967174061 3
19647 19438 19544 19547 1667967174108 19647 19441 19544 19550 1667967174133 3
19667 19456 19559 19565 1667967174204 19667 19456 19559 19566 1667967174222 3
19686 19478 19584 19587 1667967174322 19686 19478 19584 19588 1667967174329 3
19706 19498 19604 19607 1667967174430 19706 19501 19604 19610 1667967174452 3
19726 19518 19624 19627 1667967174586 19726 19518 19624 19628 1667967174589 3
19746 19538 19644 19647 1667967174691 19746 19541 19644 19650 1667967174700 3
19769 19558 19662 19667 1667967174808 19769 19561 19662 19670 1667967174827 3
19789 19578 19681 19687 1667967174952 19789 19578 19681 19688 1667967174956 3
19810 19596 19713 19708 1667967175094 19810 19596 19713 19709 1667967175096 3
19843 19624 19747 19734 1667967175223 19843 19624 19750 19737 1667967175242 3
19849 19642 19764 19751 1667967175284 19849 19642 19767 19754 1667967175311 3
19859 19656 19779 19766 1667967175330 19859 19662 19782 19771 1667967175355 3
19867 19676 19798 19785 1667967175413 19867 19679 19798 19788 1667967175432 3
19880 19693 19824 19803 1667967175482 19880 19693 19827 19806 1667967175501 3
19886 19702 19840 19819 1667967175528 19886 19702 19843 19822 1667967175533 3
19894 19719 19857 19836 1667967175563 19894 19719 19857 19837 1667967175565 3
19904 19736 19874 19853 1667967175619 19904 19736 19877 19856 1667967175649 3
19913 19753 19891 19870 1667967175720 19913 19753 19891 19871 1667967175744 3
19921 19767 19906 19885 1667967175827 19921 19771 19906 19888 1667967175841 3
19936 19801 19939 19910 1667967175997 19936 19801 19939 19911 1667967175997 3
19943 19813 19942 19922 1667967176048 19943 19813 19942 19923 1667967176054 3
19947 19816 19946 19933 1667967176081 19947 19816 19946 19934 1667967176106 3
19952 19830 19951 19947 1667967176150 19952 19830 19951 19948 1667967176154 3
